MIN=0	0	0	0	0	
MAX=2560	120	120	10	0,5	
SCALE=1000	50	50	5	0,1	
DEC=0	1	1	2	4	
DEF="Tiempo" t / s	"Temperatura" &J_A11 / °C	"Temperatura" &J_A12 / °C	"Tensión" U_B1 / mV	"Frecuencia" f / Hz	
0	85,02000744	172,5045652	2,78	NAN	
1	85,11831158	172,5045652	2,78	NAN	
2,004	85,11831158	172,5045652	2,785	NAN	
3	85,21661697	172,5045652	2,785	NAN	
4,016	85,31492364	172,5045652	2,785	NAN	
5	85,27624666	172,5045652	2,785	NAN	
6	85,21661697	172,5045652	2,785	NAN	
7	85,11831158	172,5045652	2,785	NAN	
8	84,98133195	172,2947961	2,78	NAN	
9	84,82340287	172,5045652	2,785	NAN	
10	84,78472833	172,2947961	2,78	NAN	
11	84,72510239	172,2947961	2,78	NAN	
12,016	84,72510239	172,5045652	2,78	NAN	
13	84,72510239	172,5045652	2,78	NAN	
14	84,62680309	172,5045652	2,785	NAN	
15	84,68642832	172,5045652	2,78	NAN	
16	84,78472833	172,2947961	2,775	NAN	
17	84,68642832	172,5045652	2,78	NAN	
18	84,62680309	172,5045652	2,78	NAN	
19	84,52850496	172,5045652	2,78	NAN	
20	84,43020797	172,5045652	2,78	NAN	
21	84,29323982	172,5045652	2,78	NAN	
22,012	84,23361733	172,5045652	2,775	NAN	
23	84,19494548	172,5045652	2,775	NAN	
24	84,09665223	172,2947961	2,775	NAN	
25,011	84,19494548	172,5045652	2,775	NAN	
26	84,09665223	172,5045652	2,775	NAN	
27	84,09665223	172,5045652	2,78	NAN	
28	84,09665223	172,5045652	2,78	NAN	
29	84,09665223	172,5045652	2,775	NAN	
30	84,19494548	172,5045652	2,775	NAN	
31	84,4898318	172,5045652	2,775	NAN	
32	84,88302953	172,5045652	2,78	NAN	
33,01	84,88302953	172,5045652	2,775	NAN	
34	84,98133195	172,5045652	2,775	NAN	
35	85,07963559	172,5045652	2,775	NAN	
36	85,17794049	172,2947961	2,77	NAN	
37	85,8661114	172,2947961	2,77	NAN	
38	86,16106247	172,5045652	2,77	NAN	
39	86,3577038	172,2947961	2,77	NAN	
40,006	86,45602671	172,5045652	2,77	NAN	
41	86,31893906	172,5045652	2,765	NAN	
42	86,22061824	172,5045652	2,765	NAN	
43	85,96442699	172,5045652	2,765	NAN	
44	86,16106247	172,5045652	2,765	NAN	
45	86,22061824	172,5045652	2,765	NAN	
46	86,31893906	172,5045652	2,765	NAN	
47	86,5155852	172,2947961	2,76	NAN	
48,004	86,55435114	172,5045652	2,76	NAN	
49	86,5155852	172,5045652	2,76	NAN	
50	86,5155852	172,2947961	2,76	NAN	
51,003	86,41726137	172,5045652	2,76	NAN	
52	86,41726137	172,5045652	2,76	NAN	
53	86,45602671	172,5045652	2,755	NAN	
54	86,45602671	172,5045652	2,76	NAN	
55,001	86,41726137	172,5045652	2,76	NAN	
56	86,31893906	172,5045652	2,76	NAN	
57,001	86,22061824	172,5045652	2,76	NAN	
58	86,22061824	172,5045652	2,76	NAN	
59	86,31893906	172,5045652	2,76	NAN	
60	86,31893906	172,5045652	2,76	NAN	
61	86,31893906	172,5045652	2,76	NAN	
62	86,31893906	172,2947961	2,76	NAN	
63	86,31893906	172,5045652	2,755	NAN	
64,014	86,31893906	172,5045652	2,755	NAN	
65	86,22061824	172,2947961	2,755	NAN	
66	86,22061824	172,5045652	2,75	NAN	
67,013	86,22061824	172,5045652	2,755	NAN	
68	86,12229889	172,5045652	2,75	NAN	
69,014	86,12229889	172,5045652	2,75	NAN	
70	86,12229889	172,5045652	2,75	NAN	
71	86,12229889	172,5045652	2,75	NAN	
72	86,023981	172,5045652	2,75	NAN	
73	86,12229889	172,5045652	2,75	NAN	
74	86,023981	172,5045652	2,75	NAN	
75	86,12229889	172,5045652	2,75	NAN	
76,011	86,12229889	172,5045652	2,75	NAN	
77	86,12229889	172,5045652	2,75	NAN	
78	86,12229889	172,2947961	2,75	NAN	
79	86,023981	172,5045652	2,75	NAN	
80	85,92566455	172,2947961	2,75	NAN	
81,01	86,023981	172,5045652	2,75	NAN	
82	86,18177289	172,2947961	2,75	NAN	
83	86,18177289	172,5045652	2,75	NAN	
84,009	86,12229889	172,5045652	2,75	NAN	
85	86,12229889	172,5045652	2,75	NAN	
86	86,28009312	172,5045652	2,75	NAN	
87	86,18177289	172,5045652	2,75	NAN	
88	86,08345412	172,5045652	2,75	NAN	
89	86,12229889	172,5045652	2,75	NAN	
90,006	86,08345412	172,2947961	2,745	NAN	
91	85,92566455	172,5045652	2,745	NAN	
92	85,8868209	172,5045652	2,745	NAN	
93,006	85,9851368	172,5045652	2,75	NAN	
94	86,023981	172,5045652	2,75	NAN	
95	85,9851368	172,5045652	2,75	NAN	
96	85,8868209	172,5045652	2,745	NAN	
97	85,8868209	172,5045652	2,75	NAN	
98	85,78850642	172,5045652	2,745	NAN	
99,004	85,78850642	172,5045652	2,745	NAN	
100	85,78850642	172,5045652	2,745	NAN	
101	85,78850642	172,2947961	2,745	NAN	
102	85,78850642	172,5045652	2,745	NAN	
103	85,69019333	172,5045652	2,745	NAN	
104	85,69019333	172,2947961	2,745	NAN	
105,001	85,78850642	172,5045652	2,74	NAN	
106	85,78850642	172,5045652	2,745	NAN	
107	85,78850642	172,5045652	2,74	NAN	
108,002	85,5918816	172,5045652	2,735	NAN	
109	85,5918816	172,5045652	2,735	NAN	
110	85,74958263	172,5045652	2,73	NAN	
111	85,5918816	172,5045652	2,73	NAN	
112	85,5918816	172,5045652	2,73	NAN	
113	85,5918816	172,5045652	2,725	NAN	
114	85,55295889	172,5045652	2,725	NAN	
115,001	85,45464905	172,5045652	2,72	NAN	
116	85,29695446	172,5045652	2,72	NAN	
117,015	85,35634053	172,5045652	2,72	NAN	
118	85,39526219	172,5045652	2,72	NAN	
119	85,29695446	172,5045652	2,715	NAN	
120	85,25803332	172,2947961	2,715	NAN	
121	85,25803332	172,5045652	2,715	NAN	
122	85,25803332	172,5045652	2,71	NAN	
123	85,29695446	172,5045652	2,71	NAN	
124	85,35634053	172,2947961	2,71	NAN	
125,011	85,35634053	172,5045652	2,71	NAN	
126	85,19864802	172,2947961	2,705	NAN	
127	85,25803332	172,5045652	2,705	NAN	
128	85,15972739	172,5045652	2,705	NAN	
129	85,15972739	172,5045652	2,705	NAN	
130	85,15972739	172,5045652	2,705	NAN	
131	85,15972739	172,5045652	2,705	NAN	
132	85,35634053	172,5045652	2,705	NAN	
133	85,45464905	172,5045652	2,705	NAN	
134	85,45464905	172,5045652	2,705	NAN	
135	85,45464905	172,5045652	2,705	NAN	
136	85,55295889	172,5045652	2,7	NAN	
137	85,55295889	172,5045652	2,7	NAN	
138,009	85,35634053	172,5045652	2,705	NAN	
139	84,86481712	172,5045652	2,705	NAN	
140	84,86481712	172,5045652	2,705	NAN	
141,007	84,96311931	172,5045652	2,705	NAN	
142	85,45464905	172,5045652	2,705	NAN	
143	85,55295889	172,5045652	2,705	NAN	
144,006	85,55295889	172,5045652	2,705	NAN	
145	85,45464905	172,5045652	2,7	NAN	
146	85,45464905	172,5045652	2,7	NAN	
147,005	85,45464905	172,5045652	2,7	NAN	
148	85,51395599	172,5045652	2,695	NAN	
149	85,51395599	172,5045652	2,695	NAN	
150,004	85,35634053	172,5045652	2,695	NAN	
151	85,31733867	172,2947961	2,69	NAN	
152	85,31733867	172,5045652	2,69	NAN	
153,003	85,31733867	172,5045652	2,69	NAN	
154	85,31733867	172,5045652	2,69	NAN	
155	85,25803332	172,5045652	2,69	NAN	
156	85,31733867	172,5045652	2,69	NAN	
157	85,21903197	172,5045652	2,69	NAN	
158	85,15972739	172,5045652	2,685	NAN	
159	85,12072654	172,5045652	2,685	NAN	
160	85,31733867	172,5045652	2,685	NAN	
161	85,31733867	172,5045652	2,685	NAN	
162	85,15972739	172,2947961	2,685	NAN	
163	85,12072654	172,5045652	2,68	NAN	
164,001	85,02242238	172,5045652	2,685	NAN	
165	84,92411945	172,5045652	2,68	NAN	
166	85,02242238	172,5045652	2,68	NAN	
167	84,92411945	172,2947961	2,68	NAN	
168	84,82581774	172,5045652	2,675	NAN	
169	84,82581774	172,5045652	2,675	NAN	
170	84,82581774	172,5045652	2,675	NAN	
171	84,92411945	172,5045652	2,67	NAN	
172	84,82581774	172,5045652	2,675	NAN	
173	84,82581774	172,5045652	2,67	NAN	
174,012	84,92411945	172,5045652	2,67	NAN	
175	84,82581774	172,5045652	2,67	NAN	
176	84,92411945	172,5045652	2,67	NAN	
177	84,92411945	172,5045652	2,675	NAN	
178	84,82581774	172,5045652	2,67	NAN	
179	84,92411945	172,5045652	2,67	NAN	
180,012	85,02242238	172,5045652	2,67	NAN	
181	84,82581774	172,5045652	2,67	NAN	
182	84,92411945	172,5045652	2,67	NAN	
183	84,92411945	172,5045652	2,67	NAN	
184	84,88503988	172,5045652	2,67	NAN	
185,009	84,88503988	172,5045652	2,67	NAN	
186	84,72751724	172,5045652	2,67	NAN	
187,009	84,72751724	172,5045652	2,675	NAN	
188	84,68843862	172,5045652	2,67	NAN	
189	84,49184206	172,5045652	2,67	NAN	
190	84,49184206	172,5045652	2,665	NAN	
191	84,88503988	172,5045652	2,665	NAN	
192	84,88503988	172,5045652	2,665	NAN	
193	84,98334232	172,5045652	2,665	NAN	
194	84,88503988	172,5045652	2,665	NAN	
195	84,78673866	172,5045652	2,66	NAN	
196	84,88503988	172,5045652	2,665	NAN	
197	84,78673866	172,5045652	2,66	NAN	
198	84,78673866	172,5045652	2,66	NAN	
199	84,78673866	172,5045652	2,66	NAN	
200	84,78673866	172,2947961	2,655	NAN	
201	84,78673866	172,5045652	2,655	NAN	
202	84,88503988	172,5045652	2,655	NAN	
203,003	84,78673866	172,5045652	2,655	NAN	
204	84,78673866	172,5045652	2,65	NAN	
205	84,78673866	172,5045652	2,65	NAN	
206	84,78673866	172,5045652	2,65	NAN	
207	84,74758036	172,5045652	2,65	NAN	
208	84,68843862	172,5045652	2,65	NAN	
209	84,68843862	172,5045652	2,65	NAN	
210	84,68843862	172,5045652	2,645	NAN	
211	84,68843862	172,2947961	2,645	NAN	
212,001	84,49184206	172,5045652	2,645	NAN	
213	84,45268514	172,5045652	2,645	NAN	
214,001	84,39354549	172,5045652	2,645	NAN	
215	84,29525003	172,5045652	2,645	NAN	
216	84,29525003	172,5045652	2,645	NAN	
217	84,09866239	172,5045652	2,645	NAN	
218	84,09866239	172,5045652	2,645	NAN	
219,014	84,09866239	172,5045652	2,645	NAN	
220	84,09866239	172,5045652	2,64	NAN	
221	84,00037017	172,5045652	2,635	NAN	
222,014	83,96121541	172,5045652	2,64	NAN	
223	83,80378882	172,5045652	2,64	NAN	
224	83,70549966	172,5045652	2,64	NAN	
225	84,09866239	172,5045652	2,64	NAN	
226	84,09866239	172,5045652	2,64	NAN	
227	84,256094	172,2947961	2,64	NAN	
228	84,15780008	172,5045652	2,64	NAN	
229	83,96121541	172,2947961	2,635	NAN	
230,011	83,96121541	172,5045652	2,635	NAN	
231	83,96121541	172,5045652	2,635	NAN	
232	83,90207898	172,5045652	2,635	NAN	
233,01	84,05950722	172,5045652	2,635	NAN	
234	84,15780008	172,2947961	2,635	NAN	
235	84,15780008	172,5045652	2,635	NAN	
236	84,256094	172,5045652	2,635	NAN	
237	84,15780008	172,5045652	2,635	NAN	
238,01	84,05950722	172,5045652	2,63	NAN	
239	84,15780008	172,5045652	2,635	NAN	
240	84,05950722	172,2947961	2,635	NAN	
241	83,96121541	172,5045652	2,635	NAN	
242	84,05950722	172,5045652	2,635	NAN	
243	84,05950722	172,5045652	2,635	NAN	
244,006	84,15780008	172,5045652	2,64	NAN	
245	84,256094	172,5045652	2,64	NAN	
246	84,15780008	172,5045652	2,635	NAN	
247	84,256094	172,5045652	2,635	NAN	
248,005	84,256094	172,5045652	2,635	NAN	
249	84,15780008	172,5045652	2,635	NAN	
250	84,15780008	172,5045652	2,63	NAN	
251	84,05950722	172,5045652	2,63	NAN	
252	84,05950722	172,5045652	2,63	NAN	
253,003	84,15780008	172,5045652	2,63	NAN	
254	84,05950722	172,5045652	2,625	NAN	
255	84,02027332	172,5045652	2,625	NAN	
256	84,05950722	172,5045652	2,62	NAN	
257	84,11856576	172,5045652	2,615	NAN	
258,003	84,11856576	172,5045652	2,615	NAN	
259	84,02027332	172,5045652	2,61	NAN	
260	83,96121541	172,2947961	2,61	NAN	
261,016	84,02027332	172,5045652	2,605	NAN	
262	84,02027332	172,5045652	2,605	NAN	
263	83,92198193	172,5045652	2,605	NAN	
264,016	83,92198193	172,5045652	2,6	NAN	
265	83,92198193	172,5045652	2,6	NAN	
266	84,02027332	172,5045652	2,6	NAN	
267,015	83,92198193	172,5045652	2,6	NAN	
268	83,92198193	172,5045652	2,6	NAN	
269	83,82369156	172,5045652	2,595	NAN	
270	83,92198193	172,5045652	2,595	NAN	
271	84,02027332	172,5045652	2,595	NAN	
272	83,92198193	172,5045652	2,595	NAN	
273,014	83,86292464	172,5045652	2,59	NAN	
274	83,92198193	172,5045652	2,59	NAN	
275	83,92198193	172,5045652	2,595	NAN	
276	83,92198193	172,5045652	2,59	NAN	
277	83,92198193	172,2947961	2,59	NAN	
278	83,92198193	172,5045652	2,59	NAN	
279	83,82369156	172,5045652	2,59	NAN	
280	83,82369156	172,5045652	2,59	NAN	
281	83,82369156	172,5045652	2,59	NAN	
282	83,72540219	172,5045652	2,59	NAN	
283	83,82369156	172,5045652	2,59	NAN	
284	83,72540219	172,5045652	2,59	NAN	
285	83,72540219	172,5045652	2,59	NAN	
286	83,78438024	172,5045652	2,59	NAN	
287,01	83,72540219	172,5045652	2,59	NAN	
288	83,72540219	172,5045652	2,59	NAN	
289	83,62711381	172,5045652	2,595	NAN	
290	83,62711381	172,5045652	2,585	NAN	
291	83,62711381	172,5045652	2,59	NAN	
292	83,72540219	172,5045652	2,59	NAN	
293	83,62711381	172,5045652	2,59	NAN	
294	83,78438024	172,5045652	2,59	NAN	
295	83,68609127	172,5045652	2,59	NAN	
296	83,58780328	172,5045652	2,59	NAN	
297	83,5288264	172,2947961	2,59	NAN	
298,004	83,58780328	172,5045652	2,59	NAN	
299	83,48951625	172,5045652	2,59	NAN	
300	83,48951625	172,5045652	2,585	NAN	
301,004	83,39123015	172,5045652	2,585	NAN	
302	83,48951625	172,5045652	2,585	NAN	
303	83,33225439	172,5045652	2,585	NAN	
304,002	83,48951625	172,5045652	2,585	NAN	
305	83,58780328	172,5045652	2,585	NAN	
306	83,48951625	172,5045652	2,585	NAN	
307,002	83,48951625	172,5045652	2,58	NAN	
308	83,48951625	172,5045652	2,58	NAN	
309	83,48951625	172,5045652	2,58	NAN	
310	83,48951625	172,5045652	2,575	NAN	
311	83,39123015	172,5045652	2,575	NAN	
312,001	83,39123015	172,5045652	2,575	NAN	
313	83,29294498	172,5045652	2,575	NAN	
314,016	83,1946607	172,5045652	2,575	NAN	
315	83,09637731	172,5045652	2,575	NAN	
316	83,09637731	172,5045652	2,575	NAN	
317	82,80153221	172,5045652	2,57	NAN	
318	82,89981308	172,5045652	2,57	NAN	
319	83,09637731	172,5045652	2,575	NAN	
320	83,1946607	172,5045652	2,575	NAN	
321	83,1946607	172,5045652	2,57	NAN	
322	83,09637731	172,5045652	2,575	NAN	
323,014	83,09637731	172,2947961	2,57	NAN	
324	83,09637731	172,2947961	2,575	NAN	
325	83,2535578	172,5045652	2,575	NAN	
326	83,1946607	172,5045652	2,575	NAN	
327	83,1946607	172,5045652	2,575	NAN	
328	83,1946607	172,5045652	2,575	NAN	
329	83,35184262	172,5045652	2,575	NAN	
330	83,2535578	172,2947961	2,575	NAN	
331,011	83,35184262	172,5045652	2,575	NAN	
332	83,35184262	172,5045652	2,57	NAN	
333	83,2535578	172,5045652	2,57	NAN	
334	83,1946607	172,5045652	2,575	NAN	
335	83,05699084	172,5045652	2,575	NAN	
336	83,15527388	172,5045652	2,57	NAN	
337,009	83,15527388	172,5045652	2,57	NAN	
338	83,15527388	172,5045652	2,57	NAN	
339	83,15527388	172,5045652	2,57	NAN	
340,007	83,15527388	172,5045652	2,57	NAN	
341	83,15527388	172,5045652	2,57	NAN	
342	83,15527388	172,5045652	2,57	NAN	
343	83,15527388	172,2947961	2,57	NAN	
344	82,95870864	172,5045652	2,575	NAN	
345	82,95870864	172,5045652	2,57	NAN	
346,004	83,05699084	172,7137537	2,57	NAN	
347	83,05699084	172,5045652	2,57	NAN	
348	82,95870864	172,5045652	2,57	NAN	
349,006	82,95870864	172,5045652	2,57	NAN	
350	82,95870864	172,5045652	2,565	NAN	
351	82,76214674	172,5045652	2,565	NAN	
352	82,66386699	172,5045652	2,565	NAN	
353	82,66386699	172,5045652	2,565	NAN	
354	82,76214674	172,5045652	2,565	NAN	
355	82,66386699	172,5045652	2,565	NAN	
356	82,66386699	172,5045652	2,56	NAN	
357	82,66386699	172,5045652	2,56	NAN	
358	82,72268399	172,5045652	2,56	NAN	
359	82,46730981	172,5045652	2,555	NAN	
360	82,32957079	172,5045652	2,555	NAN	
361	82,32957079	172,5045652	2,555	NAN	
362	82,32957079	172,5045652	2,555	NAN	
363,001	82,42784798	172,5045652	2,555	NAN	
364	82,52612589	172,5045652	2,555	NAN	
365	82,56558802	172,5045652	2,555	NAN	
366,015	82,62440456	172,5045652	2,55	NAN	
367	82,62440456	172,5045652	2,55	NAN	
368	82,72268399	172,5045652	2,555	NAN	
369	82,72268399	172,5045652	2,55	NAN	
370	82,72268399	172,5045652	2,545	NAN	
371	82,72268399	172,2947961	2,545	NAN	
372,013	82,72268399	172,5045652	2,545	NAN	
373	82,72268399	172,5045652	2,545	NAN	
374	82,72268399	172,5045652	2,54	NAN	
375	82,72268399	172,5045652	2,54	NAN	
376	82,62440456	172,2947961	2,54	NAN	
377,012	82,52612589	172,5045652	2,54	NAN	
378	82,72268399	172,5045652	2,54	NAN	
379	82,72268399	172,5045652	2,54	NAN	
380	82,62440456	172,5045652	2,54	NAN	
381	82,52612589	172,5045652	2,54	NAN	
382,011	82,52612589	172,5045652	2,54	NAN	
383	82,52612589	172,2947961	2,53	NAN	
384	82,52612589	172,5045652	2,53	NAN	
385,009	82,42784798	172,5045652	2,53	NAN	
386	82,38830935	172,5045652	2,53	NAN	
387	82,23129432	172,5045652	2,525	NAN	
388,01	82,19175626	172,5045652	2,525	NAN	
389	82,03474343	172,5045652	2,525	NAN	
390	82,09348075	172,5045652	2,525	NAN	
391	81,99520591	172,5045652	2,52	NAN	
392	81,99520591	172,5045652	2,52	NAN	
393,007	81,93646897	172,5045652	2,52	NAN	
394	82,03474343	172,5045652	2,515	NAN	
395	81,79865814	172,5045652	2,515	NAN	
396,005	81,99520591	172,2947961	2,515	NAN	
397	82,09348075	172,5045652	2,51	NAN	
398	81,99520591	172,5045652	2,505	NAN	
399,004	81,99520591	172,5045652	2,505	NAN	
400	82,19175626	172,5045652	2,5	NAN	
401	82,29003246	172,5045652	2,505	NAN	
402	82,29003246	172,5045652	2,5	NAN	
403	82,29003246	172,5045652	2,5	NAN	
404	82,32957079	172,5045652	2,5	NAN	
405	82,38830935	172,5045652	2,5	NAN	
406	82,38830935	172,2947961	2,505	NAN	
407	82,38830935	172,5045652	2,505	NAN	
408	82,32957079	172,5045652	2,505	NAN	
409	82,32957079	172,5045652	2,5	NAN	
410	82,29003246	172,5045652	2,5	NAN	
411,001	82,19175626	172,2947961	2,5	NAN	
412	82,09348075	172,5045652	2,505	NAN	
413	82,09348075	172,5045652	2,505	NAN	
414	82,19175626	172,2947961	2,505	NAN	
415	82,09348075	172,5045652	2,51	NAN	
416	82,09348075	172,5045652	2,515	NAN	
417	82,09348075	172,5045652	2,515	NAN	
418	82,19175626	172,5045652	2,52	NAN	
419	82,19175626	172,5045652	2,52	NAN	
420	82,09348075	172,5045652	2,52	NAN	
421	82,09348075	172,5045652	2,525	NAN	
422	81,99520591	172,5045652	2,525	NAN	
423,012	82,05386666	172,5045652	2,52	NAN	
424	81,99520591	172,5045652	2,52	NAN	
425	81,99520591	172,5045652	2,52	NAN	
426	81,89693171	172,5045652	2,52	NAN	
427	81,89693171	172,5045652	2,515	NAN	
428	81,79865814	172,5045652	2,515	NAN	
429	81,85731813	172,5045652	2,51	NAN	
430	81,99520591	172,2947961	2,51	NAN	
431,012	82,05386666	172,5045652	2,505	NAN	
432	82,05386666	172,5045652	2,505	NAN	
433	82,05386666	172,5045652	2,505	NAN	
434	81,95559207	172,5045652	2,505	NAN	
435	81,89693171	172,5045652	2,505	NAN	
436	81,89693171	172,5045652	2,505	NAN	
437	81,79865814	172,5045652	2,505	NAN	
438	81,79865814	172,5045652	2,505	NAN	
439	81,85731813	172,2947961	2,505	NAN	
440	81,85731813	172,5045652	2,51	NAN	
441	81,9159024	172,5045652	2,505	NAN	
442	81,85731813	172,5045652	2,505	NAN	
443,014	81,66077208	172,5045652	2,505	NAN	
444	81,66077208	172,5045652	2,5	NAN	
445	81,66077208	172,5045652	2,5	NAN	
446,007	81,56249993	172,5045652	2,495	NAN	
447	81,56249993	172,5045652	2,495	NAN	
448,003	81,56249993	172,5045652	2,495	NAN	
449	81,56249993	172,5045652	2,49	NAN	
450	81,56249993	172,5045652	2,485	NAN	
451	81,56249993	172,5045652	2,485	NAN	
452,002	81,46422835	172,5045652	2,485	NAN	
453	81,46422835	172,5045652	2,48	NAN	
454	81,46422835	172,5045652	2,48	NAN	
455	81,46422835	172,5045652	2,48	NAN	
456,015	81,42453986	172,5045652	2,48	NAN	
457	81,3659573	172,5045652	2,485	NAN	
458	81,32626903	172,2947961	2,485	NAN	
459	81,32626903	172,5045652	2,485	NAN	
460	81,52281122	172,5045652	2,49	NAN	
461	81,3659573	172,5045652	2,49	NAN	
462	81,42453986	172,5045652	2,495	NAN	
463	81,42453986	172,5045652	2,495	NAN	
464	81,42453986	172,2947961	2,495	NAN	
465	81,3659573	172,5045652	2,5	NAN	
466	81,32626903	172,5045652	2,495	NAN	
467	81,26768678	172,5045652	2,5	NAN	
468	81,22799871	172,5045652	2,5	NAN	
469	81,22799871	172,5045652	2,5	NAN	
470	81,12972889	172,5045652	2,5	NAN	
471	81,12972889	172,5045652	2,505	NAN	
472	81,22799871	172,5045652	2,5	NAN	
473	81,32626903	172,5045652	2,5	NAN	
474,008	81,32626903	172,5045652	2,5	NAN	
475	81,42453986	172,5045652	2,5	NAN	
476	81,42453986	172,5045652	2,5	NAN	
477	81,32626903	172,5045652	2,495	NAN	
478	81,22799871	172,5045652	2,495	NAN	
479,007	81,32626903	172,5045652	2,495	NAN	
480	81,32626903	172,5045652	2,495	NAN	
481,001	81,42453986	172,5045652	2,49	NAN	
482	81,42453986	172,5045652	2,49	NAN	
483	81,32626903	172,5045652	2,49	NAN	
484	81,22799871	172,5045652	2,495	NAN	
485	81,12972889	172,5045652	2,49	NAN	
486	81,28650539	172,5045652	2,49	NAN	
487	81,28650539	172,5045652	2,49	NAN	
488	81,12972889	172,5045652	2,49	NAN	
489	81,28650539	172,5045652	2,49	NAN	
490	81,18823527	172,5045652	2,49	NAN	
491	81,18823527	172,5045652	2,485	NAN	
492	81,08996565	172,5045652	2,485	NAN	
493	81,12972889	172,5045652	2,485	NAN	
494	81,18823527	172,5045652	2,485	NAN	
495	81,03145954	172,5045652	2,48	NAN	
496,012	81,12972889	172,5045652	2,485	NAN	
497	81,18823527	172,5045652	2,48	NAN	
498	80,99169649	172,5045652	2,48	NAN	
499	81,08996565	172,5045652	2,48	NAN	
500	81,18823527	172,5045652	2,475	NAN	
501,003	81,03145954	172,2947961	2,475	NAN	
502	80,99169649	172,5045652	2,475	NAN	
503,002	80,73665417	172,5045652	2,475	NAN	
504	80,8349222	172,5045652	2,475	NAN	
505	80,7951595	172,5045652	2,47	NAN	
506	81,08996565	172,5045652	2,465	NAN	
507	81,08996565	172,5045652	2,47	NAN	
508	81,18823527	172,5045652	2,465	NAN	
509	81,18823527	172,5045652	2,465	NAN	
510	81,18823527	172,2947961	2,465	NAN	
511,012	81,18823527	172,5045652	2,465	NAN	
512,131	81,08996565	172,5045652	2,465	NAN	
513	81,08996565	172,5045652	2,465	NAN	
514	81,08996565	172,5045652	2,465	NAN	
515	81,08996565	172,5045652	2,465	NAN	
516	80,99169649	172,5045652	2,465	NAN	
517	81,05012751	172,5045652	2,465	NAN	
518	80,99169649	172,5045652	2,465	NAN	
519	80,99169649	172,5045652	2,465	NAN	
520	81,08996565	172,5045652	2,46	NAN	
521	81,14839695	172,5045652	2,465	NAN	
522	80,99169649	172,5045652	2,46	NAN	
523	81,05012751	172,5045652	2,46	NAN	
524,003	80,95185854	172,5045652	2,455	NAN	
525	80,95185854	172,5045652	2,455	NAN	
526	80,7951595	172,5045652	2,455	NAN	
527	80,7951595	172,2947961	2,45	NAN	
528	80,85359	172,2947961	2,45	NAN	
529	80,75532189	172,5045652	2,445	NAN	
530	80,85359	172,5045652	2,445	NAN	
531	80,75532189	172,5045652	2,445	NAN	
532	80,75532189	172,5045652	2,445	NAN	
533	80,65705418	172,5045652	2,44	NAN	
534	80,65705418	172,5045652	2,445	NAN	
535	80,55878685	172,5045652	2,44	NAN	
536	80,36225327	172,5045652	2,445	NAN	
537	80,65705418	172,5045652	2,445	NAN	
538	80,65705418	172,5045652	2,445	NAN	
539	80,75532189	172,5045652	2,445	NAN	
540	80,65705418	172,5045652	2,45	NAN	
541	80,75532189	172,2947961	2,45	NAN	
542	80,65705418	172,5045652	2,45	NAN	
543,011	80,65705418	172,5045652	2,45	NAN	
544	80,55878685	172,5045652	2,45	NAN	
545	80,65705418	172,5045652	2,455	NAN	
546	80,55878685	172,5045652	2,45	NAN	
547,01	80,65705418	172,5045652	2,45	NAN	
548	80,55878685	172,5045652	2,445	NAN	
549	80,55878685	172,7137537	2,445	NAN	
550	80,55878685	172,5045652	2,445	NAN	
551,01	80,65705418	172,5045652	2,44	NAN	
552	80,46051989	172,5045652	2,44	NAN	
553,013	80,61714232	172,5045652	2,44	NAN	
554	80,46051989	172,5045652	2,435	NAN	
555,004	80,46051989	172,5045652	2,435	NAN	
556	80,42060832	172,5045652	2,43	NAN	
557	80,36225327	172,5045652	2,43	NAN	
558,009	80,26398698	172,5045652	2,425	NAN	
559	80,06745529	172,5045652	2,425	NAN	
560	80,1258098	172,5045652	2,425	NAN	
561,012	80,16572099	172,5045652	2,42	NAN	
562	80,32234183	172,5045652	2,42	NAN	
563	80,36225327	172,5045652	2,425	NAN	
564	80,42060832	172,5045652	2,42	NAN	
565	80,42060832	172,5045652	2,42	NAN	
566	80,32234183	172,5045652	2,425	NAN	
567	80,42060832	172,5045652	2,42	NAN	
568,011	80,51887514	172,5045652	2,42	NAN	
569	80,42060832	172,5045652	2,42	NAN	
570	80,51887514	172,5045652	2,425	NAN	
571	80,42060832	172,5045652	2,425	NAN	
572	80,22407567	172,5045652	2,425	NAN	
573	80,32234183	172,5045652	2,425	NAN	
574,01	80,22407567	172,5045652	2,425	NAN	
575	80,32234183	172,5045652	2,425	NAN	
576	80,32234183	172,5045652	2,425	NAN	
577	80,32234183	172,5045652	2,425	NAN	
578	80,32234183	172,5045652	2,425	NAN	
579	80,32234183	172,5045652	2,425	NAN	
580	80,22407567	172,5045652	2,425	NAN	
581,01	80,1258098	172,5045652	2,42	NAN	
582	80,32234183	172,5045652	2,425	NAN	
583	80,1258098	172,5045652	2,42	NAN	
584	80,0275442	172,5045652	2,42	NAN	
585	80,1840904	172,5045652	2,415	NAN	
586	79,92927887	172,5045652	2,415	NAN	
587	79,92927887	172,5045652	2,415	NAN	
588	79,92927887	172,5045652	2,41	NAN	
589	79,98755916	172,5045652	2,405	NAN	
590	79,88929393	172,5045652	2,405	NAN	
591	79,88929393	172,2947961	2,405	NAN	
592,011	79,83101378	172,5045652	2,405	NAN	
593	79,88929393	172,5045652	2,4	NAN	
594	79,69276414	172,5045652	2,4	NAN	
595	79,69276414	172,5045652	2,4	NAN	
596	79,59449955	172,5045652	2,4	NAN	
597	79,69276414	172,5045652	2,395	NAN	
598	79,79102893	172,5045652	2,395	NAN	
599	79,79102893	172,5045652	2,395	NAN	
600	79,69276414	172,5045652	2,395	NAN	
601,013	79,79102893	172,5045652	2,395	NAN	
602	79,59449955	172,5045652	2,39	NAN	
603	79,69276414	172,5045652	2,385	NAN	
604	79,69276414	172,5045652	2,39	NAN	
605	79,59449955	172,5045652	2,385	NAN	
606,002	79,69276414	172,5045652	2,39	NAN	
607	79,59449955	172,5045652	2,39	NAN	
608	79,79102893	172,2947961	2,39	NAN	
609	79,79102893	172,5045652	2,395	NAN	
610	79,69276414	172,5045652	2,395	NAN	
611,009	79,79102893	172,5045652	2,395	NAN	
612	79,59449955	172,5045652	2,395	NAN	
613	79,59449955	172,5045652	2,4	NAN	
614	79,39797087	172,5045652	2,4	NAN	
615	79,39797087	172,5045652	2,4	NAN	
616,013	79,49623513	172,5045652	2,4	NAN	
617,009	79,49623513	172,5045652	2,4	NAN	
618	79,49623513	172,5045652	2,4	NAN	
619	79,45617701	172,5045652	2,4	NAN	
620	79,39797087	172,5045652	2,4	NAN	
621	79,49623513	172,5045652	2,4	NAN	
622	79,49623513	172,5045652	2,4	NAN	
623	79,69276414	172,5045652	2,4	NAN	
624	79,84923549	172,5045652	2,4	NAN	
625,01	79,79102893	172,5045652	2,4	NAN	
626	79,59449955	172,5045652	2,4	NAN	
627	79,49623513	172,5045652	2,4	NAN	
628	79,49623513	172,5045652	2,4	NAN	
629	79,39797087	172,5045652	2,405	NAN	
630	79,75097058	172,5045652	2,405	NAN	
631,014	79,69276414	172,5045652	2,405	NAN	
632,01	79,75097058	172,5045652	2,41	NAN	
633,002	79,69276414	172,5045652	2,405	NAN	
634	79,75097058	172,2947961	2,405	NAN	
635	79,75097058	172,5045652	2,405	NAN	
636	79,65270588	172,5045652	2,405	NAN	
637	79,59449955	172,5045652	2,405	NAN	
638,001	79,65270588	172,5045652	2,4	NAN	
639	79,65270588	172,2947961	2,4	NAN	
640	79,55444136	172,5045652	2,4	NAN	
641	79,65270588	172,5045652	2,395	NAN	
642	79,45617701	172,5045652	2,395	NAN	
643	79,65270588	172,5045652	2,395	NAN	
644	79,49623513	172,5045652	2,39	NAN	
645,011	79,45617701	172,5045652	2,385	NAN	
646	79,65270588	172,5045652	2,385	NAN	
647	79,65270588	172,5045652	2,385	NAN	
648	79,49623513	172,5045652	2,38	NAN	
649	79,3579128	172,5045652	2,38	NAN	
650	79,45617701	172,5045652	2,375	NAN	
651,002	79,45617701	172,5045652	2,375	NAN	
652	79,3579128	172,5045652	2,375	NAN	
653	79,25964873	172,5045652	2,37	NAN	
654	79,16138476	172,5045652	2,37	NAN	
655	79,16138476	172,5045652	2,37	NAN	
656	79,25964873	172,5045652	2,37	NAN	
657	79,25964873	172,5045652	2,365	NAN	
658	79,16138476	172,5045652	2,365	NAN	
659	79,16138476	172,5045652	2,37	NAN	
660	79,25964873	172,5045652	2,365	NAN	
661,004	79,16138476	172,5045652	2,365	NAN	
662	79,12125375	172,5045652	2,365	NAN	
663	79,21951767	172,5045652	2,37	NAN	
664	79,06312088	172,5045652	2,37	NAN	
665	79,21951767	172,5045652	2,37	NAN	
666	79,3177817	172,5045652	2,37	NAN	
667	79,3177817	172,5045652	2,37	NAN	
668	79,27757804	172,5045652	2,365	NAN	
669	79,12125375	172,5045652	2,365	NAN	
670	79,12125375	172,5045652	2,365	NAN	
671,014	78,96485708	172,5045652	2,365	NAN	
672,007	78,98278634	172,5045652	2,365	NAN	
673	79,17931405	172,5045652	2,365	NAN	
674	79,08105016	172,5045652	2,365	NAN	
675	79,08105016	172,5045652	2,365	NAN	
676	78,92472611	172,5045652	2,365	NAN	
677	79,08105016	172,5045652	2,365	NAN	
678,01	79,17931405	172,5045652	2,365	NAN	
679	79,08105016	172,5045652	2,37	NAN	
680	79,08105016	172,5045652	2,37	NAN	
681	79,12125375	172,5045652	2,365	NAN	
682	79,06312088	172,5045652	2,37	NAN	
683	79,08105016	172,5045652	2,365	NAN	
684	79,0229899	172,5045652	2,365	NAN	
685	79,08105016	172,5045652	2,365	NAN	
686	78,88452258	172,5045652	2,365	NAN	
687	78,98278634	172,5045652	2,36	NAN	
688	78,98278634	172,5045652	2,36	NAN	
689	79,08105016	172,5045652	2,36	NAN	
690	79,0229899	172,5045652	2,36	NAN	
691	79,08105016	172,5045652	2,36	NAN	
692	79,08105016	172,5045652	2,36	NAN	
693,012	79,08105016	172,5045652	2,36	NAN	
694,005	78,98278634	172,5045652	2,36	NAN	
695	78,88452258	172,5045652	2,36	NAN	
696	78,88452258	172,5045652	2,36	NAN	
697	78,88452258	172,5045652	2,36	NAN	
698	78,88452258	172,5045652	2,355	NAN	
699	78,88452258	172,5045652	2,355	NAN	
700	78,88452258	172,5045652	2,355	NAN	
701,016	78,78625885	172,5045652	2,355	NAN	
702	78,78625885	172,5045652	2,355	NAN	
703	78,88452258	172,2947961	2,355	NAN	
704	78,78625885	172,2947961	2,355	NAN	
705	78,78625885	172,5045652	2,36	NAN	
706	78,78625885	172,5045652	2,355	NAN	
707,013	78,78625885	172,5045652	2,355	NAN	
708,001	78,88452258	172,5045652	2,35	NAN	
709	78,78625885	172,5045652	2,35	NAN	
710	78,84424694	172,5045652	2,35	NAN	
711	78,58973142	172,5045652	2,35	NAN	
712	78,54945578	172,5045652	2,35	NAN	
713,014	78,49146768	172,5045652	2,35	NAN	
714	78,58973142	172,5045652	2,345	NAN	
715	78,58973142	172,5045652	2,35	NAN	
716	78,68799514	172,5045652	2,345	NAN	
717	78,74598322	172,5045652	2,345	NAN	
718	78,58973142	172,5045652	2,345	NAN	
719	78,64771951	172,5045652	2,34	NAN	
720	78,74598322	172,5045652	2,34	NAN	
721	78,78625885	172,5045652	2,34	NAN	
722	78,74598322	172,5045652	2,34	NAN	
723	78,74598322	172,5045652	2,335	NAN	
724	78,74598322	172,5045652	2,335	NAN	
725	78,54945578	172,5045652	2,335	NAN	
726	78,54945578	172,5045652	2,33	NAN	
727	78,35292823	172,5045652	2,33	NAN	
728	78,25466435	172,5045652	2,33	NAN	
729	78,35292823	172,5045652	2,325	NAN	
730,012	78,25466435	172,5045652	2,325	NAN	
731,002	78,35292823	172,5045652	2,32	NAN	
732	78,45119203	172,5045652	2,325	NAN	
733	78,35292823	172,5045652	2,32	NAN	
734	78,25466435	172,5045652	2,325	NAN	
735	78,25466435	172,5045652	2,335	NAN	
736,011	78,15640039	172,5045652	2,33	NAN	
737,002	78,15640039	172,5045652	2,33	NAN	
738	78,25466435	172,5045652	2,335	NAN	
739	78,25466435	172,5045652	2,335	NAN	
740	78,35292823	172,5045652	2,34	NAN	
741	78,35292823	172,5045652	2,34	NAN	
742	78,35292823	172,5045652	2,34	NAN	
743	78,35292823	172,5045652	2,34	NAN	
744	78,35292823	172,5045652	2,34	NAN	
745	78,25466435	172,5045652	2,34	NAN	
746	78,25466435	172,5045652	2,335	NAN	
747	78,25466435	172,5045652	2,335	NAN	
748,014	78,25466435	172,5045652	2,335	NAN	
749	78,15640039	172,5045652	2,33	NAN	
750	78,15640039	172,5045652	2,325	NAN	
751	78,35292823	172,5045652	2,325	NAN	
752	78,25466435	172,5045652	2,325	NAN	
753	78,21431699	172,5045652	2,32	NAN	
754,011	78,25466435	172,7137537	2,325	NAN	
755	78,3125809	172,7137537	2,315	NAN	
756	78,25466435	172,5045652	2,315	NAN	
757	78,25466435	172,5045652	2,315	NAN	
758,01	78,3125809	172,5045652	2,31	NAN	
759	78,05813632	172,5045652	2,315	NAN	
760	78,01778887	172,5045652	2,31	NAN	
761	77,91952462	172,5045652	2,31	NAN	
762	78,01778887	172,5045652	2,305	NAN	
763	78,01778887	172,5045652	2,305	NAN	
764,015	77,95987213	172,5045652	2,305	NAN	
765,004	78,05813632	172,5045652	2,305	NAN	
766	78,01778887	172,5045652	2,305	NAN	
767	78,01778887	172,5045652	2,305	NAN	
768	77,91952462	172,5045652	2,305	NAN	
769	77,82126021	172,5045652	2,305	NAN	
770,014	77,82126021	172,5045652	2,305	NAN	
771	77,82126021	172,5045652	2,305	NAN	
772	77,91952462	172,5045652	2,305	NAN	
773	77,91952462	172,5045652	2,305	NAN	
774	77,72299563	172,5045652	2,305	NAN	
775	77,82126021	172,5045652	2,305	NAN	
776	77,72299563	172,5045652	2,305	NAN	
777,016	77,82126021	172,5045652	2,305	NAN	
778,003	77,82126021	172,2947961	2,305	NAN	
779	77,72299563	172,5045652	2,31	NAN	
780	77,82126021	172,5045652	2,305	NAN	
781	77,91952462	172,5045652	2,31	NAN	
782	77,91952462	172,5045652	2,31	NAN	
783	77,91952462	172,5045652	2,31	NAN	
784	77,91952462	172,5045652	2,31	NAN	
785	77,78084143	172,5045652	2,31	NAN	
786	77,8791059	172,5045652	2,31	NAN	
787	77,82126021	172,5045652	2,31	NAN	
788,002	77,91952462	172,5045652	2,31	NAN	
789	77,91952462	172,7137537	2,305	NAN	
790	77,97737022	172,5045652	2,305	NAN	
791	77,82126021	172,5045652	2,305	NAN	
792,008	77,82126021	172,5045652	2,3	NAN	
793	77,72299563	172,5045652	2,3	NAN	
794	77,62473086	172,5045652	2,295	NAN	
795	77,52646587	172,5045652	2,295	NAN	
796	77,52646587	172,5045652	2,295	NAN	
797	77,58431191	172,5045652	2,29	NAN	
798,016	77,42820065	172,5045652	2,29	NAN	
799	77,48604683	172,5045652	2,285	NAN	
800	77,48604683	172,5045652	2,285	NAN	
801	77,38778152	172,5045652	2,285	NAN	
802	77,58431191	172,5045652	2,28	NAN	
803	77,68257677	172,5045652	2,28	NAN	
804	77,78084143	172,7137537	2,28	NAN	
805,003	77,97737022	172,5045652	2,285	NAN	
806	77,97737022	172,2947961	2,285	NAN	
807	77,97737022	172,5045652	2,29	NAN	
808	77,8791059	172,5045652	2,29	NAN	
809	77,8791059	172,5045652	2,295	NAN	
810	77,97737022	172,5045652	2,295	NAN	
811,014	77,8791059	172,5045652	2,3	NAN	
812	77,8791059	172,5045652	2,3	NAN	
813	77,8791059	172,5045652	2,3	NAN	
814	77,8791059	172,5045652	2,3	NAN	
815	77,8791059	172,5045652	2,3	NAN	
816	77,78084143	172,5045652	2,3	NAN	
817	77,58431191	172,5045652	2,295	NAN	
818	77,7403519	172,5045652	2,295	NAN	
819	77,78084143	172,5045652	2,295	NAN	
820	77,8791059	172,5045652	2,295	NAN	
821	77,78084143	172,5045652	2,29	NAN	
822	77,78084143	172,5045652	2,295	NAN	
823	77,78084143	172,5045652	2,295	NAN	
824	77,78084143	172,5045652	2,29	NAN	
825	77,68257677	172,5045652	2,29	NAN	
826,013	77,78084143	172,5045652	2,29	NAN	
827,002	77,64208717	172,5045652	2,285	NAN	
828	77,58431191	172,5045652	2,285	NAN	
829	77,58431191	172,5045652	2,285	NAN	
830	77,58431191	172,5045652	2,285	NAN	
831	77,54382222	172,5045652	2,28	NAN	
832,002	77,54382222	172,5045652	2,28	NAN	
833	77,44555705	172,5045652	2,275	NAN	
834	77,54382222	172,5045652	2,27	NAN	
835	77,28951594	172,5045652	2,27	NAN	
836	77,44555705	172,5045652	2,27	NAN	
837	77,54382222	172,5045652	2,27	NAN	
838	77,54382222	172,5045652	2,265	NAN	
839	77,48604683	172,5045652	2,265	NAN	
840,013	77,54382222	172,5045652	2,265	NAN	
841	77,54382222	172,5045652	2,265	NAN	
842	77,38778152	172,5045652	2,27	NAN	
843	77,44555705	172,5045652	2,27	NAN	
844	77,24902594	172,5045652	2,27	NAN	
845	77,24902594	172,5045652	2,27	NAN	
846	77,15075996	172,5045652	2,265	NAN	
847,012	77,15075996	172,5045652	2,27	NAN	
848	77,34729163	172,5045652	2,27	NAN	
849	77,34729163	172,5045652	2,27	NAN	
850	77,34729163	172,5045652	2,27	NAN	
851	77,24902594	172,5045652	2,27	NAN	
852	77,34729163	172,5045652	2,27	NAN	
853	77,44555705	172,5045652	2,27	NAN	
854,001	77,44555705	172,5045652	2,27	NAN	
855	77,44555705	172,5045652	2,275	NAN	
856	77,44555705	172,5045652	2,27	NAN	
857	77,44555705	172,5045652	2,27	NAN	
858	77,44555705	172,5045652	2,27	NAN	
859	77,44555705	172,5045652	2,27	NAN	
860	77,34729163	172,5045652	2,275	NAN	
861	77,34729163	172,5045652	2,27	NAN	
862	77,34729163	172,5045652	2,27	NAN	
863	77,24902594	172,5045652	2,27	NAN	
864	77,24902594	172,5045652	2,27	NAN	
865	77,24902594	172,5045652	2,265	NAN	
866,014	77,24902594	172,5045652	2,265	NAN	
867	77,24902594	172,5045652	2,26	NAN	
868	77,05249369	172,5045652	2,26	NAN	
869	77,05249369	172,5045652	2,26	NAN	
870	77,05249369	172,5045652	2,255	NAN	
871,01	76,95422708	172,5045652	2,25	NAN	
872	76,85596014	172,5045652	2,25	NAN	
873	77,24902594	172,5045652	2,245	NAN	
874	77,15075996	172,5045652	2,245	NAN	
875	77,15075996	172,5045652	2,245	NAN	
876	77,15075996	172,5045652	2,245	NAN	
877,01	77,15075996	172,5045652	2,25	NAN	
878,002	77,05249369	172,5045652	2,25	NAN	
879	77,20846564	172,5045652	2,25	NAN	
880	77,15075996	172,5045652	2,245	NAN	
881	77,05249369	172,5045652	2,25	NAN	
882	77,11019954	172,5045652	2,25	NAN	
883,008	77,05249369	172,5045652	2,245	NAN	
884	76,91366639	172,5045652	2,245	NAN	
885	76,75769283	172,5045652	2,245	NAN	
886	76,91366639	172,5045652	2,245	NAN	
887	76,91366639	172,5045652	2,245	NAN	
888	76,8153993	172,5045652	2,24	NAN	
889,016	76,8153993	172,5045652	2,24	NAN	
890,001	76,75769283	172,5045652	2,24	NAN	
891	76,71713183	172,5045652	2,235	NAN	
892	76,71713183	172,5045652	2,235	NAN	
893	76,61886398	172,5045652	2,235	NAN	
894	76,71713183	172,5045652	2,23	NAN	
895	76,91366639	172,5045652	2,23	NAN	
896,012	76,8153993	172,5045652	2,23	NAN	
897	76,8153993	172,5045652	2,225	NAN	
898	76,71713183	172,5045652	2,225	NAN	
899	76,71713183	172,5045652	2,225	NAN	
900	76,71713183	172,5045652	2,225	NAN	
901	76,61886398	172,5045652	2,225	NAN	
902,002	76,61886398	172,5045652	2,22	NAN	
903	76,52059572	172,5045652	2,22	NAN	
904	76,42232702	172,5045652	2,22	NAN	
905	76,22578828	172,5045652	2,22	NAN	
906	76,12751819	172,5045652	2,215	NAN	
907	76,22578828	172,5045652	2,215	NAN	
908	76,22578828	172,5045652	2,215	NAN	
909	76,42232702	172,5045652	2,215	NAN	
910	76,52059572	172,5045652	2,22	NAN	
911	76,32405788	172,5045652	2,215	NAN	
912	76,22578828	172,5045652	2,22	NAN	
913,01	76,32405788	172,5045652	2,22	NAN	
914	76,42232702	172,5045652	2,22	NAN	
915	76,42232702	172,5045652	2,225	NAN	
916	76,42232702	172,5045652	2,225	NAN	
917	76,52059572	172,5045652	2,225	NAN	
918,016	76,52059572	172,5045652	2,23	NAN	
919	76,52059572	172,5045652	2,23	NAN	
920	76,52059572	172,5045652	2,23	NAN	
921	76,61886398	172,5045652	2,235	NAN	
922	76,52059572	172,5045652	2,235	NAN	
923	76,57823296	172,5045652	2,235	NAN	
924	76,47996452	172,5045652	2,235	NAN	
925,005	76,52059572	172,5045652	2,24	NAN	
926	76,32405788	172,5045652	2,24	NAN	
927	76,42232702	172,5045652	2,24	NAN	
928	76,52059572	172,5045652	2,235	NAN	
929	76,52059572	172,5045652	2,235	NAN	
930	76,57823296	172,5045652	2,235	NAN	
931	76,57823296	172,2947961	2,235	NAN	
932	76,61886398	172,5045652	2,235	NAN	
933	76,47996452	172,5045652	2,235	NAN	
934,011	76,38169565	172,5045652	2,235	NAN	
935	76,32405788	172,5045652	2,235	NAN	
936	76,38169565	172,5045652	2,235	NAN	
937	76,38169565	172,5045652	2,235	NAN	
938	76,38169565	172,5045652	2,23	NAN	
939,009	76,28342632	172,5045652	2,23	NAN	
940	76,38169565	172,5045652	2,23	NAN	
941	76,38169565	172,5045652	2,23	NAN	
942	76,38169565	172,5045652	2,23	NAN	
943	76,38169565	172,5045652	2,23	NAN	
944,011	76,28342632	172,5045652	2,225	NAN	
945	76,38169565	172,5045652	2,225	NAN	
946	76,47996452	172,5045652	2,225	NAN	
947	76,38169565	172,5045652	2,225	NAN	
948	76,38169565	172,5045652	2,22	NAN	
949,002	76,38169565	172,5045652	2,22	NAN	
950	76,38169565	172,5045652	2,22	NAN	
951	76,38169565	172,5045652	2,215	NAN	
952	76,47996452	172,5045652	2,215	NAN	
953	76,47996452	172,5045652	2,215	NAN	
954,002	76,28342632	172,5045652	2,215	NAN	
955	76,28342632	172,5045652	2,215	NAN	
956	76,28342632	172,5045652	2,21	NAN	
957	76,18515651	172,5045652	2,215	NAN	
958	76,38169565	172,5045652	2,215	NAN	
959,016	76,28342632	172,5045652	2,215	NAN	
960	76,18515651	172,5045652	2,215	NAN	
961	76,24272534	172,5045652	2,215	NAN	
962	76,18515651	172,5045652	2,215	NAN	
963	76,18515651	172,5045652	2,215	NAN	
964	76,24272534	172,5045652	2,215	NAN	
965	76,08688621	172,5045652	2,215	NAN	
966	76,24272534	172,5045652	2,215	NAN	
967	76,24272534	172,5045652	2,215	NAN	
968	76,24272534	172,5045652	2,21	NAN	
969	76,24272534	172,5045652	2,21	NAN	
970,002	76,24272534	172,5045652	2,21	NAN	
971	76,14445533	172,5045652	2,205	NAN	
972	76,24272534	172,5045652	2,205	NAN	
973	76,04618482	172,5045652	2,205	NAN	
974	76,14445533	172,5045652	2,205	NAN	
975	76,14445533	172,5045652	2,2	NAN	
976	76,14445533	172,5045652	2,2	NAN	
977,003	76,14445533	172,5045652	2,2	NAN	
978	76,14445533	172,5045652	2,2	NAN	
979	76,14445533	172,5045652	2,195	NAN	
980	76,14445533	172,5045652	2,195	NAN	
981	76,14445533	172,5045652	2,2	NAN	
982	76,14445533	172,5045652	2,195	NAN	
983	76,14445533	172,5045652	2,195	NAN	
984	76,14445533	172,5045652	2,195	NAN	
985	76,14445533	172,5045652	2,195	NAN	
986,011	76,14445533	172,5045652	2,195	NAN	
987	76,04618482	172,5045652	2,195	NAN	
988	76,14445533	172,7137537	2,2	NAN	
989	76,14445533	172,5045652	2,2	NAN	
990,016	76,04618482	172,5045652	2,2	NAN	
991,002	75,94791379	172,5045652	2,2	NAN	
992	76,04618482	172,5045652	2,205	NAN	
993	75,94791379	172,5045652	2,205	NAN	
994	75,94791379	172,5045652	2,205	NAN	
995	75,94791379	172,5045652	2,205	NAN	
996,007	75,90714321	172,5045652	2,205	NAN	
997	75,90714321	172,5045652	2,205	NAN	
998	76,00541446	172,5045652	2,205	NAN	
999	75,94791379	172,5045652	2,205	NAN	
1000	75,90714321	172,5045652	2,205	NAN	
1001	75,94791379	172,5045652	2,2	NAN	
1002	75,84964222	172,5045652	2,2	NAN	
1003,013	75,80887141	172,5045652	2,2	NAN	
1004	75,90714321	172,5045652	2,195	NAN	
1005	75,84964222	172,5045652	2,195	NAN	
1006	75,90714321	172,5045652	2,195	NAN	
1007	75,90714321	172,5045652	2,195	NAN	
1008	75,80887141	172,5045652	2,19	NAN	
1009	75,71059904	172,5045652	2,185	NAN	
1010,003	75,80887141	172,5045652	2,185	NAN	
1011	75,61232608	172,5045652	2,185	NAN	
1012	75,55482406	172,5045652	2,18	NAN	
1013	75,61232608	172,5045652	2,18	NAN	
1014	75,51405251	172,5045652	2,18	NAN	
1015	75,51405251	172,5045652	2,175	NAN	
1016	75,51405251	172,5045652	2,175	NAN	
1017	75,41577832	172,5045652	2,175	NAN	
1018	75,21922799	172,5045652	2,17	NAN	
1019	75,21922799	172,5045652	2,17	NAN	
1020	75,02267491	172,5045652	2,17	NAN	
1021	75,02267491	172,5045652	2,17	NAN	
1022	75,02267491	172,5045652	2,17	NAN	
1023,002	75,02267491	172,5045652	2,17	NAN	
1024	75,1209518	172,5045652	2,17	NAN	
1025	75,41577832	172,5045652	2,17	NAN	
1026	75,51405251	172,5045652	2,17	NAN	
1027	75,51405251	172,5045652	2,17	NAN	
1028	75,51405251	172,5045652	2,17	NAN	
1029,007	75,41577832	172,7137537	2,17	NAN	
1030	75,31750349	172,5045652	2,17	NAN	
1031	75,21922799	172,5045652	2,17	NAN	
1032	75,31750349	172,5045652	2,17	NAN	
1033,012	75,1209518	172,5045652	2,165	NAN	
1034	75,21922799	172,5045652	2,165	NAN	
1035	75,1209518	172,5045652	2,165	NAN	
1036	75,21922799	172,5045652	2,165	NAN	
1037	75,1209518	172,5045652	2,165	NAN	
1038	75,17838709	172,5045652	2,165	NAN	
1039,012	75,17838709	172,5045652	2,165	NAN	
1040	75,08011062	172,5045652	2,16	NAN	
1041	75,17838709	172,5045652	2,16	NAN	
1042	75,1209518	172,5045652	2,16	NAN	
1043	75,1209518	172,5045652	2,16	NAN	
1044,002	75,1209518	172,5045652	2,16	NAN	
1045	75,21922799	172,5045652	2,16	NAN	
1046	75,27666287	172,7137537	2,16	NAN	
1047	75,08011062	172,5045652	2,16	NAN	
1048	75,02267491	172,5045652	2,16	NAN	
1049	75,27666287	172,5045652	2,16	NAN	
1050,008	75,17838709	172,5045652	2,16	NAN	
1051,002	75,08011062	172,5045652	2,16	NAN	
1052	75,08011062	172,5045652	2,16	NAN	
1053	75,27666287	172,5045652	2,16	NAN	
1054	75,27666287	172,5045652	2,16	NAN	
1055	75,27666287	172,5045652	2,165	NAN	
1056,01	75,08011062	172,5045652	2,16	NAN	
1057	75,17838709	172,5045652	2,16	NAN	
1058	75,27666287	172,5045652	2,16	NAN	
1059	75,27666287	172,5045652	2,16	NAN	
1060	75,17838709	172,5045652	2,16	NAN	
1061,002	75,27666287	172,5045652	2,16	NAN	
1062	75,27666287	172,5045652	2,165	NAN	
1063	75,27666287	172,5045652	2,165	NAN	
1064	75,17838709	172,5045652	2,165	NAN	
1065	75,27666287	172,5045652	2,165	NAN	
1066	75,17838709	172,5045652	2,16	NAN	
1067	75,17838709	172,5045652	2,16	NAN	
1068,012	75,17838709	172,5045652	2,16	NAN	
1069	75,17838709	172,5045652	2,155	NAN	
1070	74,88355552	172,5045652	2,16	NAN	
1071	74,88355552	172,5045652	2,16	NAN	
1072	74,98183343	172,5045652	2,155	NAN	
1073,012	75,08011062	172,5045652	2,155	NAN	
1074	75,08011062	172,5045652	2,155	NAN	
1075	74,98183343	172,2947961	2,15	NAN	
1076	75,03920134	172,2947961	2,15	NAN	
1077	75,03920134	172,5045652	2,145	NAN	
1078	74,78527685	172,5045652	2,145	NAN	
1079	74,78527685	172,5045652	2,145	NAN	
1080	74,74436664	172,5045652	2,145	NAN	
1081	74,68699742	172,5045652	2,145	NAN	
1082	74,68699742	172,5045652	2,14	NAN	
1083	74,74436664	172,5045652	2,135	NAN	
1084	74,94092385	172,5045652	2,135	NAN	
1085,012	75,03920134	172,5045652	2,135	NAN	
1086	75,13747811	172,5045652	2,135	NAN	
1087	74,98183343	172,5045652	2,13	NAN	
1088	74,94092385	172,5045652	2,13	NAN	
1089	74,98183343	172,5045652	2,125	NAN	
1090	74,94092385	172,5045652	2,13	NAN	
1091,009	74,84264563	172,5045652	2,13	NAN	
1092	74,94092385	172,5045652	2,125	NAN	
1093	74,94092385	172,7137537	2,125	NAN	
1094	74,84264563	172,5045652	2,125	NAN	
1095	74,78527685	172,5045652	2,125	NAN	
1096	74,84264563	172,5045652	2,125	NAN	
1097,014	74,74436664	172,7137537	2,125	NAN	
1098	74,74436664	172,5045652	2,125	NAN	
1099	74,68699742	172,5045652	2,125	NAN	
1100	74,49043616	172,5045652	2,12	NAN	
1101	74,54780633	172,5045652	2,12	NAN	
1102	74,64608688	172,5045652	2,125	NAN	
1103	74,74436664	172,5045652	2,12	NAN	
1104	74,74436664	172,5045652	2,12	NAN	
1105	74,74436664	172,5045652	2,12	NAN	
1106	74,74436664	172,5045652	2,12	NAN	
1107	74,64608688	172,5045652	2,12	NAN	
1108,002	74,64608688	172,5045652	2,12	NAN	
1109	74,64608688	172,7137537	2,12	NAN	
1110	74,64608688	172,5045652	2,12	NAN	
1111	74,54780633	172,5045652	2,12	NAN	
1112,007	74,84264563	172,5045652	2,12	NAN	
1113	74,64608688	172,5045652	2,12	NAN	
1114	74,64608688	172,5045652	2,12	NAN	
1115	74,64608688	172,5045652	2,12	NAN	
1116,013	74,74436664	172,7137537	2,12	NAN	
1117	74,64608688	172,7137537	2,115	NAN	
1118	74,54780633	172,5045652	2,115	NAN	
1119	74,5068278	172,5045652	2,12	NAN	
1120,016	74,54780633	172,5045652	2,115	NAN	
1121	74,54780633	172,5045652	2,115	NAN	
1122	74,44952495	172,5045652	2,115	NAN	
1123	74,5068278	172,5045652	2,115	NAN	
1124	74,5068278	172,5045652	2,115	NAN	
1125,011	74,44952495	172,5045652	2,115	NAN	
1126	74,25295969	172,5045652	2,115	NAN	
1127	74,25295969	172,5045652	2,115	NAN	
1128	74,31026352	172,5045652	2,115	NAN	
1129	74,25295969	172,5045652	2,115	NAN	
1130,013	74,31026352	172,5045652	2,115	NAN	
1131,01	74,31026352	172,2947961	2,115	NAN	
1132	74,5068278	172,5045652	2,115	NAN	
1133	74,5068278	172,5045652	2,115	NAN	
1134	74,5068278	172,5045652	2,115	NAN	
1135	74,5068278	172,5045652	2,115	NAN	
1136	74,60510869	172,5045652	2,115	NAN	
1137	74,5068278	172,5045652	2,115	NAN	
1138	74,40854608	172,5045652	2,115	NAN	
1139	74,5068278	172,5045652	2,115	NAN	
1140	74,40854608	172,5045652	2,115	NAN	
1141	74,31026352	172,5045652	2,115	NAN	
1142,011	74,2119801	172,5045652	2,115	NAN	
1143	74,2119801	172,5045652	2,11	NAN	
1144	74,26921707	172,5045652	2,115	NAN	
1145	74,11369579	172,5045652	2,115	NAN	
1146	74,31026352	172,5045652	2,115	NAN	
1147,013	74,2119801	172,5045652	2,12	NAN	
1148	74,26921707	172,5045652	2,12	NAN	
1149	74,11369579	172,5045652	2,12	NAN	
1150	74,01541059	172,5045652	2,12	NAN	
1151	73,97436302	172,5045652	2,12	NAN	
1152	74,01541059	172,5045652	2,12	NAN	
1153,007	74,01541059	172,5045652	2,12	NAN	
1154	74,01541059	172,5045652	2,12	NAN	
1155	73,91712447	172,5045652	2,12	NAN	
1156,008	74,11369579	172,5045652	2,12	NAN	
1157	73,91712447	172,5045652	2,12	NAN	
1158	74,01541059	172,5045652	2,12	NAN	
1159	73,97436302	172,5045652	2,12	NAN	
1160,008	74,11369579	172,5045652	2,115	NAN	
1161	74,01541059	172,5045652	2,12	NAN	
1162,005	74,07264861	172,5045652	2,12	NAN	
1163,003	73,97436302	172,5045652	2,115	NAN	
1164	73,97436302	172,5045652	2,115	NAN	
1165	73,97436302	172,5045652	2,11	NAN	
1166	73,97436302	172,5045652	2,11	NAN	
1167	73,87607651	172,5045652	2,105	NAN	
1168	73,72054938	172,5045652	2,105	NAN	
1169	73,77778904	172,5045652	2,105	NAN	
1170	73,77778904	172,5045652	2,1	NAN	
1171,05	73,77778904	172,5045652	2,1	NAN	
1172,08	73,5812112	172,5045652	2,095	NAN	
1173,119	73,5812112	172,5045652	2,095	NAN	
1174,147	73,67950062	172,5045652	2,095	NAN	
1175,19	73,5812112	172,7137537	2,09	NAN	
1176,21	73,5812112	172,7137537	2,09	NAN	
1177,247	73,5812112	172,5045652	2,09	NAN	
1178,271	73,63838505	172,5045652	2,085	NAN	
1179,303	73,38462934	172,5045652	2,085	NAN	
1180	73,48292078	172,5045652	2,085	NAN	
1181	73,5812112	172,5045652	2,085	NAN	
1182,014	73,97436302	172,5045652	2,085	NAN	
1183	73,87607651	172,5045652	2,085	NAN	
1184	73,97436302	172,5045652	2,09	NAN	
1185,027	74,07264861	172,5045652	2,095	NAN	
1186,048	73,97436302	172,5045652	2,095	NAN	
1187,067	73,97436302	172,7137537	2,1	NAN	
1188,111	73,97436302	172,5045652	2,1	NAN	
1189,143	73,87607651	172,5045652	2,1	NAN	
1190,178	73,97436302	172,5045652	2,1	NAN	
1191,21	73,97436302	172,5045652	2,1	NAN	
1192,252	74,03153464	172,5045652	2,105	NAN	
1193,278	73,97436302	172,5045652	2,105	NAN	
1194,308	73,97436302	172,7137537	2,1	NAN	
1195,328	73,97436302	172,7137537	2,1	NAN	
1196,375	73,97436302	172,5045652	2,1	NAN	
1197,414	74,03153464	172,5045652	2,105	NAN	
1198	74,03153464	172,5045652	2,1	NAN	
1199	73,87607651	172,5045652	2,1	NAN	
1200,01	73,93324866	172,5045652	2,105	NAN	
1201	73,93324866	172,5045652	2,1	NAN	
1202	73,93324866	172,5045652	2,1	NAN	
1203	73,93324866	172,5045652	2,1	NAN	
1204,012	73,83496176	172,5045652	2,1	NAN	
1205	73,93324866	172,5045652	2,1	NAN	
1206	73,93324866	172,5045652	2,1	NAN	
1207	73,83496176	172,5045652	2,1	NAN	
1208,01	73,73667389	172,5045652	2,095	NAN	
1209	73,93324866	172,5045652	2,095	NAN	
1210	73,93324866	172,5045652	2,095	NAN	
1211	73,83496176	172,5045652	2,09	NAN	
1212	73,83496176	172,5045652	2,09	NAN	
1213	73,73667389	172,5045652	2,09	NAN	
1214,004	73,83496176	172,5045652	2,09	NAN	
1215	73,73667389	172,5045652	2,09	NAN	
1216	73,83496176	172,5045652	2,085	NAN	
1217	73,83496176	172,5045652	2,085	NAN	
1218	73,83496176	172,5045652	2,08	NAN	
1219	73,83496176	172,5045652	2,08	NAN	
1220,008	73,73667389	172,5045652	2,08	NAN	
1221	73,83496176	172,5045652	2,08	NAN	
1222	73,73667389	172,5045652	2,075	NAN	
1223	73,83496176	172,5045652	2,075	NAN	
1224	73,73667389	172,5045652	2,075	NAN	
1225	73,63838505	172,5045652	2,075	NAN	
1226	73,73667389	172,5045652	2,08	NAN	
1227,003	73,73667389	172,5045652	2,08	NAN	
1228	73,63838505	172,5045652	2,08	NAN	
1229	73,63838505	172,5045652	2,08	NAN	
1230	73,63838505	172,7137537	2,08	NAN	
1231	73,63838505	172,7137537	2,08	NAN	
1232	73,63838505	172,5045652	2,08	NAN	
1233,001	73,63838505	172,5045652	2,08	NAN	
1234	73,54009522	172,5045652	2,08	NAN	
1235	73,54009522	172,5045652	2,075	NAN	
1236	73,54009522	172,5045652	2,075	NAN	
1237	73,54009522	172,5045652	2,07	NAN	
1238	73,44180438	172,5045652	2,075	NAN	
1239	73,44180438	172,5045652	2,07	NAN	
1240	73,44180438	172,5045652	2,07	NAN	
1241	73,3435125	172,5045652	2,065	NAN	
1242,01	73,40062161	172,5045652	2,065	NAN	
1243	73,24521957	172,5045652	2,065	NAN	
1244	73,30232929	172,5045652	2,065	NAN	
1245	73,30232929	172,5045652	2,065	NAN	
1246	73,14692557	172,7137537	2,065	NAN	
1247	73,14692557	172,5045652	2,06	NAN	
1248	73,20403591	172,5045652	2,06	NAN	
1249,014	73,04863048	172,5045652	2,055	NAN	
1250,002	73,10574146	172,5045652	2,055	NAN	
1251	73,10574146	172,7137537	2,055	NAN	
1252	72,85203695	172,5045652	2,055	NAN	
1253	73,00744591	172,5045652	2,055	NAN	
1254	73,00744591	172,5045652	2,055	NAN	
1255	73,04863048	172,7137537	2,055	NAN	
1256	73,20403591	172,7137537	2,06	NAN	
1257	73,20403591	172,5045652	2,065	NAN	
1258	73,10574146	172,5045652	2,065	NAN	
1259,01	73,30232929	172,5045652	2,065	NAN	
1260	73,20403591	172,5045652	2,07	NAN	
1261	73,20403591	172,5045652	2,07	NAN	
1262	73,20403591	172,5045652	2,075	NAN	
1263,008	73,30232929	172,5045652	2,075	NAN	
1264	73,20403591	172,5045652	2,075	NAN	
1265	73,20403591	172,5045652	2,075	NAN	
1266	73,20403591	172,5045652	2,07	NAN	
1267	73,20403591	172,5045652	2,07	NAN	
1268	73,10574146	172,5045652	2,07	NAN	
1269	73,10574146	172,5045652	2,07	NAN	
1270	73,10574146	172,5045652	2,07	NAN	
1271	73,00744591	172,5045652	2,07	NAN	
1272	73,10574146	172,5045652	2,065	NAN	
1273,002	73,00744591	172,5045652	2,065	NAN	
1274	73,00744591	172,5045652	2,065	NAN	
1275	73,10574146	172,5045652	2,065	NAN	
1276	73,10574146	172,5045652	2,065	NAN	
1277	73,10574146	172,5045652	2,065	NAN	
1278,016	73,10574146	172,5045652	2,065	NAN	
1279	73,06449142	172,5045652	2,06	NAN	
1280	72,90914923	172,5045652	2,06	NAN	
1281	72,90914923	172,5045652	2,06	NAN	
1282	73,00744591	172,5045652	2,06	NAN	
1283	72,90914923	172,5045652	2,055	NAN	
1284	72,90914923	172,7137537	2,055	NAN	
1285,012	72,90914923	172,5045652	2,055	NAN	
1286	72,86789825	172,5045652	2,06	NAN	
1287	72,81085143	172,5045652	2,055	NAN	
1288	72,76959996	172,5045652	2,06	NAN	
1289	72,76959996	172,5045652	2,06	NAN	
1290	72,90914923	172,5045652	2,06	NAN	
1291,003	72,9661954	172,5045652	2,06	NAN	
1292	72,9661954	172,5045652	2,06	NAN	
1293	72,86789825	172,5045652	2,06	NAN	
1294	72,76959996	172,5045652	2,06	NAN	
1295	72,86789825	172,5045652	2,06	NAN	
1296	72,86789825	172,5045652	2,055	NAN	
1297	72,86789825	172,5045652	2,055	NAN	
1298	72,67130051	172,5045652	2,055	NAN	
1299	72,51595099	172,5045652	2,05	NAN	
1300,013	72,57299987	172,5045652	2,05	NAN	
1301	72,67130051	172,5045652	2,05	NAN	
1302	72,67130051	172,5045652	2,045	NAN	
1303	72,67130051	172,5045652	2,045	NAN	
1304	72,57299987	172,5045652	2,04	NAN	
1305	72,67130051	172,5045652	2,04	NAN	
1306	72,57299987	172,2947961	2,035	NAN	
1307	72,57299987	172,5045652	2,035	NAN	
1308,012	72,37639496	172,5045652	2,03	NAN	
1309	72,37639496	172,5045652	2,03	NAN	
1310	72,37639496	172,5045652	2,03	NAN	
1311	72,37639496	172,5045652	2,03	NAN	
1312	72,47469802	172,5045652	2,025	NAN	
1313	72,47469802	172,7137537	2,025	NAN	
1314	72,57299987	172,5045652	2,03	NAN	
1315,005	72,37639496	172,5045652	2,025	NAN	
1316	72,37639496	172,5045652	2,025	NAN	
1317	72,37639496	172,5045652	2,025	NAN	
1318	72,17978509	172,7137537	2,025	NAN	
1319	72,17978509	172,5045652	2,025	NAN	
1320	72,17978509	172,5045652	2,02	NAN	
1321,014	72,08147824	172,5045652	2,02	NAN	
1322	72,17978509	172,5045652	2,02	NAN	
1323	72,33507596	172,5045652	2,015	NAN	
1324	72,17978509	172,5045652	2,015	NAN	
1325	72,27809066	172,5045652	2,02	NAN	
1326	72,23677113	172,5045652	2,015	NAN	
1327	72,23677113	172,5045652	2,015	NAN	
1328	72,13846503	172,5045652	2,015	NAN	
1329,013	72,04015764	172,5045652	2,015	NAN	
1330	72,04015764	172,5045652	2,015	NAN	
1331	71,9831701	172,5045652	2,015	NAN	
1332	71,9831701	172,5045652	2,015	NAN	
1333	71,88486063	172,5045652	2,02	NAN	
1334	71,9831701	172,5045652	2,02	NAN	
1335	72,23677113	172,5045652	2,02	NAN	
1336	72,23677113	172,5045652	2,015	NAN	
1337	72,33507596	172,5045652	2,015	NAN	
1338	72,17978509	172,5045652	2,015	NAN	
1339	72,33507596	172,5045652	2,015	NAN	
1340,016	72,23677113	172,7137537	2,015	NAN	
1341	72,33507596	172,5045652	2,015	NAN	
1342	72,23677113	172,5045652	2,015	NAN	
1343	72,23677113	172,5045652	2,015	NAN	
1344	72,23677113	172,5045652	2,02	NAN	
1345	72,13846503	172,5045652	2,02	NAN	
1346,01	71,84353892	172,5045652	2,015	NAN	
1347	71,94184894	172,5045652	2,02	NAN	
1348	71,94184894	172,5045652	2,015	NAN	
1349	71,84353892	172,5045652	2,015	NAN	
1350	71,84353892	172,7137537	2,015	NAN	
1351	71,74522755	172,5045652	2,015	NAN	
1352,002	71,64691481	172,5045652	2,015	NAN	
1353	71,74522755	172,5045652	2,015	NAN	
1354	71,84353892	172,7137537	2,01	NAN	
1355	71,84353892	172,5045652	2,01	NAN	
1356	71,84353892	172,7137537	2,01	NAN	
1357	71,94184894	172,5045652	2,01	NAN	
1358	71,84353892	172,5045652	2,005	NAN	
1359	71,84353892	172,5045652	2,005	NAN	
1360	71,84353892	172,5045652	2,005	NAN	
1361	71,74522755	172,5045652	2,005	NAN	
1362	71,74522755	172,5045652	2,005	NAN	
1363,006	71,70384015	172,5045652	2,005	NAN	
1364	71,84353892	172,5045652	2,005	NAN	
1365	71,74522755	172,5045652	2	NAN	
1366	71,64691481	172,5045652	2	NAN	
1367	71,64691481	172,5045652	2	NAN	
1368	71,64691481	172,5045652	2	NAN	
1369	71,64691481	172,5045652	2	NAN	
1370,008	71,54860069	172,5045652	1,995	NAN	
1371	71,74522755	172,5045652	1,995	NAN	
1372	71,64691481	172,5045652	1,995	NAN	
1373	71,74522755	172,5045652	1,995	NAN	
1374	72,04015764	172,5045652	1,99	NAN	
1375	72,13846503	172,5045652	1,985	NAN	
1376	72,13846503	172,5045652	1,99	NAN	
1377	72,09707987	172,5045652	1,99	NAN	
1378	72,09707987	172,5045652	1,99	NAN	
1379	72,04015764	172,5045652	1,99	NAN	
1380	72,09707987	172,5045652	1,99	NAN	
1381	72,09707987	172,5045652	1,99	NAN	
1382	72,13846503	172,5045652	1,995	NAN	
1383,014	72,13846503	172,5045652	1,995	NAN	
1384	72,04015764	172,5045652	1,995	NAN	
1385	72,04015764	172,5045652	1,995	NAN	
1386	71,99877194	172,5045652	1,995	NAN	
1387	72,04015764	172,5045652	1,99	NAN	
1388,007	71,74522755	172,5045652	1,995	NAN	
1389	71,90046268	172,7137537	1,995	NAN	
1390	71,99877194	172,5045652	1,995	NAN	
1391	71,80215209	172,5045652	1,995	NAN	
1392	71,90046268	172,5045652	2	NAN	
1393	71,90046268	172,5045652	1,995	NAN	
1394	71,90046268	172,5045652	1,995	NAN	
1395	71,70384015	172,5045652	1,995	NAN	
1396,012	71,80215209	172,5045652	1,995	NAN	
1397	71,70384015	172,5045652	1,99	NAN	
1398	71,60552684	172,5045652	1,99	NAN	
1399	71,70384015	172,5045652	1,995	NAN	
1400	71,70384015	172,5045652	1,99	NAN	
1401	71,70384015	172,5045652	1,99	NAN	
1402,011	71,60552684	172,7137537	1,99	NAN	
1403	71,64691481	172,5045652	1,99	NAN	
1404	71,70384015	172,5045652	1,99	NAN	
1405	71,60552684	172,5045652	1,99	NAN	
1406	71,50721213	172,5045652	1,99	NAN	
1407,002	71,25364984	172,5045652	1,985	NAN	
1408	71,31057846	172,5045652	1,985	NAN	
1409	71,21225946	172,5045652	1,985	NAN	
1410	71,21225946	172,5045652	1,985	NAN	
1411	71,21225946	172,5045652	1,985	NAN	
1412,013	71,21225946	172,7137537	1,985	NAN	
1413	71,31057846	172,5045652	1,985	NAN	
1414	71,31057846	172,5045652	1,985	NAN	
1415	71,21225946	172,5045652	1,98	NAN	
1416	71,21225946	172,5045652	1,98	NAN	
1417	71,21225946	172,5045652	1,98	NAN	
1418,012	71,269124	172,5045652	1,98	NAN	
1419	71,21225946	172,5045652	1,98	NAN	
1420	71,31057846	172,5045652	1,98	NAN	
1421	71,31057846	172,5045652	1,98	NAN	
1422	71,31057846	172,5045652	1,98	NAN	
1423	71,31057846	172,5045652	1,98	NAN	
1424,002	71,21225946	172,5045652	1,975	NAN	
1425	71,31057846	172,5045652	1,98	NAN	
1426	71,31057846	172,5045652	1,975	NAN	
1427	71,21225946	172,5045652	1,975	NAN	
1428	71,21225946	172,5045652	1,975	NAN	
1429	71,11393899	172,5045652	1,975	NAN	
1430	71,11393899	172,5045652	1,975	NAN	
1431	71,11393899	172,5045652	1,975	NAN	
1432	71,11393899	172,5045652	1,975	NAN	
1433,006	71,01561703	172,5045652	1,975	NAN	
1434	71,11393899	172,5045652	1,975	NAN	
1435	71,11393899	172,5045652	1,975	NAN	
1436	71,11393899	172,5045652	1,975	NAN	
1437	71,01561703	172,5045652	1,975	NAN	
1438	71,01561703	172,5045652	1,975	NAN	
1439	71,01561703	172,5045652	1,97	NAN	
1440,016	70,91729356	172,7137537	1,975	NAN	
1441	70,91729356	172,7137537	1,97	NAN	
1442	71,01561703	172,7137537	1,97	NAN	
1443	71,11393899	172,7137537	1,97	NAN	
1444	71,21225946	172,5045652	1,97	NAN	
1445	71,31057846	172,5045652	1,965	NAN	
1446	71,40889601	172,5045652	1,965	NAN	
1447,009	71,40889601	172,5045652	1,965	NAN	
1448	71,40889601	172,5045652	1,965	NAN	
1449	71,31057846	172,5045652	1,965	NAN	
1450	71,17080438	172,5045652	1,97	NAN	
1451	71,21225946	172,5045652	1,97	NAN	
1452	71,17080438	172,5045652	1,97	NAN	
1453,011	71,31057846	172,7137537	1,97	NAN	
1454	71,31057846	172,5045652	1,975	NAN	
1455	71,21225946	172,5045652	1,97	NAN	
1456	71,269124	172,5045652	1,975	NAN	
1457	71,17080438	172,5045652	1,975	NAN	
1458	71,269124	172,5045652	1,975	NAN	
1459	71,36744216	172,5045652	1,975	NAN	
1460,003	71,36744216	172,5045652	1,975	NAN	
1461	71,36744216	172,5045652	1,975	NAN	
1462	71,36744216	172,5045652	1,97	NAN	
1463	71,36744216	172,5045652	1,97	NAN	
1464	71,269124	172,5045652	1,97	NAN	
1465,011	71,269124	172,7137537	1,97	NAN	
1466	71,36744216	172,7137537	1,975	NAN	
1467	71,269124	172,5045652	1,97	NAN	
1468	71,269124	172,5045652	1,97	NAN	
1469	71,21225946	172,5045652	1,97	NAN	
1470	71,269124	172,7137537	1,965	NAN	
1471	71,21225946	172,5045652	1,965	NAN	
1472	71,269124	172,5045652	1,96	NAN	
1473	71,17080438	172,5045652	1,965	NAN	
1474	71,269124	172,5045652	1,965	NAN	
1475	71,269124	172,5045652	1,96	NAN	
1476	71,269124	172,5045652	1,965	NAN	
1477,012	71,17080438	172,5045652	1,96	NAN	
1478	71,269124	172,5045652	1,96	NAN	
1479	71,269124	172,5045652	1,96	NAN	
1480	71,17080438	172,5045652	1,96	NAN	
1481	71,17080438	172,7137537	1,96	NAN	
1482,014	71,07248329	172,5045652	1,96	NAN	
1483	71,17080438	172,5045652	1,965	NAN	
1484	71,17080438	172,5045652	1,965	NAN	
1485	71,07248329	172,5045652	1,965	NAN	
1486	71,07248329	172,5045652	1,965	NAN	
1487	71,07248329	172,5045652	1,965	NAN	
1488	71,17080438	172,5045652	1,965	NAN	
1489,009	70,97416069	172,5045652	1,965	NAN	
1490	70,97416069	172,5045652	1,975	NAN	
1491	70,97416069	172,5045652	1,97	NAN	
1492	70,97416069	172,5045652	1,97	NAN	
1493	70,97416069	172,5045652	1,97	NAN	
1494	70,97416069	172,5045652	1,97	NAN	
1495	70,97416069	172,5045652	1,965	NAN	
1496	70,97416069	172,5045652	1,965	NAN	
1497	70,97416069	172,5045652	1,965	NAN	
1498	71,07248329	172,5045652	1,96	NAN	
1499,014	70,97416069	172,5045652	1,965	NAN	
1500,005	71,03096333	172,5045652	1,965	NAN	
1501	71,03096333	172,5045652	1,96	NAN	
1502	71,03096333	172,5045652	1,96	NAN	
1503	70,97416069	172,5045652	1,96	NAN	
1504	70,87583658	172,5045652	1,955	NAN	
1505,016	70,87583658	172,5045652	1,955	NAN	
1506	70,97416069	172,5045652	1,96	NAN	
1507	70,87583658	172,5045652	1,95	NAN	
1508	70,87583658	172,5045652	1,95	NAN	
1509	71,03096333	172,5045652	1,95	NAN	
1510	70,9326401	172,7137537	1,95	NAN	
1511	70,87583658	172,5045652	1,95	NAN	
1512	70,87583658	172,5045652	1,95	NAN	
1513	70,97416069	172,5045652	1,95	NAN	
1514	70,83431534	172,5045652	1,95	NAN	
1515	70,73598904	172,5045652	1,95	NAN	
1516,009	70,63766118	172,5045652	1,95	NAN	
1517	70,73598904	172,5045652	1,95	NAN	
1518	70,73598904	172,5045652	1,95	NAN	
1519	70,63766118	172,5045652	1,95	NAN	
1520	70,53933173	172,5045652	1,95	NAN	
1521	70,67918374	172,5045652	1,95	NAN	
1522	70,63766118	172,5045652	1,95	NAN	
1523	70,63766118	172,5045652	1,945	NAN	
1524	70,58085496	172,5045652	1,945	NAN	
1525	70,58085496	172,5045652	1,945	NAN	
1526	70,63766118	172,5045652	1,94	NAN	
1527	70,53933173	172,5045652	1,94	NAN	
1528	70,53933173	172,5045652	1,94	NAN	
1529	70,44100068	172,5045652	1,935	NAN	
1530,014	70,24433371	172,5045652	1,93	NAN	
1531	70,34266802	172,5045652	1,93	NAN	
1532	70,24433371	172,5045652	1,93	NAN	
1533	70,34266802	172,5045652	1,925	NAN	
1534	70,24433371	172,5045652	1,925	NAN	
1535	70,14599774	172,5045652	1,92	NAN	
1536	70,14599774	172,5045652	1,92	NAN	
1537	70,04766009	172,5045652	1,92	NAN	
1538	70,04766009	172,5045652	1,92	NAN	
1539	70,04766009	172,5045652	1,915	NAN	
1540	70,04766009	172,5045652	1,915	NAN	
1541	70,04766009	172,5045652	1,915	NAN	
1542,014	69,94932075	172,7137537	1,91	NAN	
1543	69,85097969	172,5045652	1,915	NAN	
1544	69,85097969	172,5045652	1,91	NAN	
1545	69,85097969	172,5045652	1,915	NAN	
1546	69,85097969	172,5045652	1,91	NAN	
1547	69,85097969	172,7137537	1,915	NAN	
1548,011	69,85097969	172,5045652	1,91	NAN	
1549	69,85097969	172,5045652	1,915	NAN	
1550	69,80938765	172,5045652	1,915	NAN	
1551	69,85097969	172,5045652	1,915	NAN	
1552	69,90772944	172,5045652	1,91	NAN	
1553	69,85097969	172,7137537	1,91	NAN	
1554	69,90772944	172,5045652	1,91	NAN	
1555	69,85097969	172,7137537	1,91	NAN	
1556,014	69,94932075	172,5045652	1,91	NAN	
1557,013	70,20274455	172,5045652	1,91	NAN	
1558	70,20274455	172,5045652	1,91	NAN	
1559	70,10440787	172,5045652	1,91	NAN	
1560	70,04766009	172,5045652	1,91	NAN	
1561	70,04766009	172,5045652	1,91	NAN	
1562	70,00606951	172,5045652	1,91	NAN	
1563,018	69,94932075	172,5045652	1,91	NAN	
1564	70,00606951	172,5045652	1,91	NAN	
1565	69,85097969	172,5045652	1,905	NAN	
1566	69,75263689	172,5045652	1,91	NAN	
1567	69,71104411	172,5045652	1,905	NAN	
1568	69,71104411	172,5045652	1,905	NAN	
1569,013	69,80938765	172,5045652	1,905	NAN	
1570,009	69,80938765	172,5045652	1,905	NAN	
1571	69,55594601	172,5045652	1,91	NAN	
1572	69,75263689	172,5045652	1,905	NAN	
1573	70,00606951	172,5045652	1,905	NAN	
1574,013	70,10440787	172,5045652	1,905	NAN	
1575,002	70,20274455	172,5045652	1,905	NAN	
1576	70,20274455	172,5045652	1,9	NAN	
1577	70,10440787	172,5045652	1,905	NAN	
1578	70,10440787	172,5045652	1,9	NAN	
1579	70,10440787	172,7137537	1,905	NAN	
1580,007	70,20274455	172,5045652	1,905	NAN	
1581	70,00606951	172,5045652	1,905	NAN	
1582	70,00606951	172,5045652	1,905	NAN	
1583	70,00606951	172,5045652	1,905	NAN	
1584	70,00606951	172,5045652	1,905	NAN	
1585	70,00606951	172,5045652	1,905	NAN	
1586,016	69,90772944	172,5045652	1,905	NAN	
1587	69,90772944	172,5045652	1,905	NAN	
1588	69,90772944	172,5045652	1,91	NAN	
1589	69,90772944	172,7137537	1,91	NAN	
1590	69,94932075	172,5045652	1,915	NAN	
1591	70,00606951	172,5045652	1,915	NAN	
1592,011	70,00606951	172,5045652	1,915	NAN	
1593	70,00606951	172,7137537	1,915	NAN	
1594	69,90772944	172,5045652	1,915	NAN	
1595	70,00606951	172,5045652	1,915	NAN	
1596	69,90772944	172,5045652	1,915	NAN	
1597,009	69,80938765	172,5045652	1,91	NAN	
1598	69,90772944	172,5045652	1,91	NAN	
1599	69,80938765	172,5045652	1,91	NAN	
1600	69,90772944	172,5045652	1,915	NAN	
1601	69,90772944	172,5045652	1,91	NAN	
1602	69,71104411	172,5045652	1,91	NAN	
1603	69,71104411	172,5045652	1,905	NAN	
1604	69,80938765	172,5045652	1,905	NAN	
1605	69,71104411	172,5045652	1,905	NAN	
1606	69,71104411	172,7137537	1,905	NAN	
1607	69,71104411	172,5045652	1,905	NAN	
1608	69,71104411	172,5045652	1,9	NAN	
1609	69,71104411	172,5045652	1,9	NAN	
1610,009	69,51435172	172,5045652	1,9	NAN	
1611,003	69,61269881	172,5045652	1,895	NAN	
1612	69,61269881	172,5045652	1,895	NAN	
1613	69,51435172	172,5045652	1,89	NAN	
1614	69,51435172	172,7137537	1,89	NAN	
1615	69,41600284	172,5045652	1,89	NAN	
1616,016	69,31765212	172,5045652	1,885	NAN	
1617	69,21929957	172,7137537	1,885	NAN	
1618	69,21929957	172,7137537	1,885	NAN	
1619	69,21929957	172,7137537	1,885	NAN	
1620	69,21929957	172,5045652	1,885	NAN	
1621	69,21929957	172,5045652	1,88	NAN	
1622	69,27599283	172,5045652	1,88	NAN	
1623	69,27599283	172,5045652	1,88	NAN	
1624	69,17763949	172,5045652	1,875	NAN	
1625	69,07928428	172,7137537	1,875	NAN	
1626	69,17763949	172,7137537	1,875	NAN	
1627	69,12094516	172,7137537	1,87	NAN	
1628	69,17763949	172,5045652	1,875	NAN	
1629	69,17763949	172,5045652	1,87	NAN	
1630	69,02258887	172,5045652	1,875	NAN	
1631	68,82587057	172,5045652	1,87	NAN	
1632	68,72750852	172,7137537	1,87	NAN	
1633,017	68,72750852	172,5045652	1,87	NAN	
1634	68,72750852	172,5045652	1,875	NAN	
1635	69,07928428	172,5045652	1,875	NAN	
1636	69,21929957	172,5045652	1,88	NAN	
1637	69,37434432	172,5045652	1,885	NAN	
1638	69,37434432	172,5045652	1,885	NAN	
1639	69,47269397	172,5045652	1,89	NAN	
1640	69,37434432	172,5045652	1,89	NAN	
1641	69,37434432	172,5045652	1,89	NAN	
1642	69,37434432	172,5045652	1,895	NAN	
1643	69,37434432	172,5045652	1,895	NAN	
1644	69,37434432	172,7137537	1,895	NAN	
1645	69,37434432	172,5045652	1,9	NAN	
1646,016	69,37434432	172,5045652	1,895	NAN	
1647	69,47269397	172,5045652	1,895	NAN	
1648	69,47269397	172,5045652	1,895	NAN	
1649	69,37434432	172,5045652	1,895	NAN	
1650	69,37434432	172,5045652	1,895	NAN	
1651	69,37434432	172,5045652	1,895	NAN	
1652,011	69,27599283	172,5045652	1,895	NAN	
1653,003	69,37434432	172,5045652	1,895	NAN	
1654	69,37434432	172,5045652	1,895	NAN	
1655	69,37434432	172,7137537	1,895	NAN	
1656	69,27599283	172,5045652	1,89	NAN	
1657	69,27599283	172,5045652	1,89	NAN	
1658	69,27599283	172,5045652	1,89	NAN	
1659	69,27599283	172,5045652	1,89	NAN	
1660,016	69,27599283	172,5045652	1,89	NAN	
1661,002	69,27599283	172,5045652	1,89	NAN	
1662	69,37434432	172,5045652	1,89	NAN	
1663	69,37434432	172,5045652	1,89	NAN	
1664	69,37434432	172,5045652	1,885	NAN	
1665	69,37434432	172,5045652	1,885	NAN	
1666	69,27599283	172,5045652	1,885	NAN	
1667,011	69,07928428	172,5045652	1,885	NAN	
1668,002	69,17763949	172,5045652	1,885	NAN	
1669	69,27599283	172,5045652	1,885	NAN	
1670	69,17763949	172,5045652	1,88	NAN	
1671	69,17763949	172,5045652	1,88	NAN	
1672	69,23427048	172,5045652	1,88	NAN	
1673,015	69,17763949	172,5045652	1,88	NAN	
1674,006	69,07928428	172,7137537	1,88	NAN	
1675	69,07928428	172,7137537	1,88	NAN	
1676	69,17763949	172,5045652	1,88	NAN	
1677	69,13591636	172,5045652	1,88	NAN	
1678	69,07928428	172,5045652	1,88	NAN	
1679	69,07928428	172,5045652	1,88	NAN	
1680,002	68,98092719	172,7137537	1,88	NAN	
1681	68,98092719	172,5045652	1,88	NAN	
1682	69,07928428	172,5045652	1,88	NAN	
1683	69,07928428	172,5045652	1,88	NAN	
1684	69,03756035	172,5045652	1,88	NAN	
1685	68,93920245	172,5045652	1,875	NAN	
1686	68,88256819	172,5045652	1,875	NAN	
1687	68,93920245	172,5045652	1,875	NAN	
1688	69,03756035	172,5045652	1,875	NAN	
1689,009	69,07928428	172,5045652	1,875	NAN	
1690	68,98092719	172,5045652	1,87	NAN	
1691	69,03756035	172,5045652	1,87	NAN	
1692	68,88256819	172,5045652	1,87	NAN	
1693	68,78420726	172,5045652	1,865	NAN	
1694	68,74248089	172,5045652	1,865	NAN	
1695	68,68584439	172,5045652	1,865	NAN	
1696,016	68,74248089	172,5045652	1,86	NAN	
1697	68,68584439	172,7137537	1,86	NAN	
1698	68,84084264	172,7137537	1,86	NAN	
1699	68,93920245	172,5045652	1,86	NAN	
1700	68,88256819	172,5045652	1,86	NAN	
1701	68,98092719	172,5045652	1,86	NAN	
1702,015	68,98092719	172,5045652	1,86	NAN	
1703	68,88256819	172,7137537	1,86	NAN	
1704	68,84084264	172,5045652	1,86	NAN	
1705	68,88256819	172,5045652	1,86	NAN	
1706	68,88256819	172,5045652	1,86	NAN	
1707	68,93920245	172,5045652	1,86	NAN	
1708	68,88256819	172,5045652	1,86	NAN	
1709,016	68,74248089	172,7137537	1,855	NAN	
1710	68,84084264	172,5045652	1,86	NAN	
1711	68,84084264	172,5045652	1,86	NAN	
1712	68,84084264	172,5045652	1,86	NAN	
1713	68,84084264	172,5045652	1,86	NAN	
1714	68,84084264	172,5045652	1,855	NAN	
1715	68,84084264	172,5045652	1,855	NAN	
1716	68,93920245	172,5045652	1,855	NAN	
1717,004	68,93920245	172,5045652	1,855	NAN	
1718	68,84084264	172,7137537	1,855	NAN	
1719	68,84084264	172,5045652	1,855	NAN	
1720	68,84084264	172,5045652	1,855	NAN	
1721	68,84084264	172,5045652	1,855	NAN	
1722,008	68,84084264	172,5045652	1,855	NAN	
1723	68,84084264	172,5045652	1,855	NAN	
1724	68,74248089	172,5045652	1,86	NAN	
1725	68,74248089	172,5045652	1,86	NAN	
1726	68,84084264	172,5045652	1,855	NAN	
1727	68,64411718	172,5045652	1,86	NAN	
1728	68,74248089	172,5045652	1,86	NAN	
1729	68,68584439	172,5045652	1,86	NAN	
1730,009	68,64411718	172,5045652	1,86	NAN	
1731	68,74248089	172,5045652	1,855	NAN	
1732	68,64411718	172,5045652	1,86	NAN	
1733	68,74248089	172,5045652	1,855	NAN	
1734	68,74248089	172,5045652	1,855	NAN	
1735	68,64411718	172,5045652	1,86	NAN	
1736	68,64411718	172,5045652	1,855	NAN	
1737	68,74248089	172,5045652	1,855	NAN	
1738	68,64411718	172,5045652	1,855	NAN	
1739	68,64411718	172,5045652	1,855	NAN	
1740	68,64411718	172,7137537	1,855	NAN	
1741	68,64411718	172,5045652	1,855	NAN	
1742	68,74248089	172,5045652	1,85	NAN	
1743	68,44738383	172,7137537	1,85	NAN	
1744	68,64411718	172,5045652	1,85	NAN	
1745	68,5457515	172,5045652	1,85	NAN	
1746	68,64411718	172,5045652	1,85	NAN	
1747,002	68,5457515	172,5045652	1,845	NAN	
1748	68,5457515	172,7137537	1,85	NAN	
1749	68,64411718	172,7137537	1,85	NAN	
1750	68,5457515	172,7137537	1,845	NAN	
1751	68,64411718	172,5045652	1,845	NAN	
1752	68,5457515	172,5045652	1,845	NAN	
1753	68,5457515	172,5045652	1,845	NAN	
1754	68,64411718	172,5045652	1,845	NAN	
1755	68,5457515	172,5045652	1,845	NAN	
1756	68,5457515	172,5045652	1,845	NAN	
1757	68,60232732	172,5045652	1,845	NAN	
1758,007	68,5039608	172,5045652	1,845	NAN	
1759	68,5039608	172,5045652	1,84	NAN	
1760	68,44738383	172,5045652	1,845	NAN	
1761	68,44738383	172,5045652	1,845	NAN	
1762,009	68,40559228	172,5045652	1,84	NAN	
1763	68,5039608	172,5045652	1,84	NAN	
1764	68,5039608	172,5045652	1,84	NAN	
1765	68,60232732	172,5045652	1,84	NAN	
1766	68,34901415	172,5045652	1,835	NAN	
1767	68,40559228	172,5045652	1,835	NAN	
1768,016	68,34901415	172,5045652	1,835	NAN	
1769	68,34901415	172,5045652	1,835	NAN	
1770	68,30722174	172,5045652	1,83	NAN	
1771	68,30722174	172,5045652	1,83	NAN	
1772	68,11047452	172,5045652	1,83	NAN	
1773,015	68,15226868	172,5045652	1,83	NAN	
1774	68,20884916	172,5045652	1,825	NAN	
1775	68,11047452	172,5045652	1,825	NAN	
1776	68,11047452	172,5045652	1,825	NAN	
1777	68,20884916	172,5045652	1,825	NAN	
1778,016	68,20884916	172,5045652	1,825	NAN	
1779	68,20884916	172,5045652	1,82	NAN	
1780	68,20884916	172,5045652	1,82	NAN	
1781	68,11047452	172,5045652	1,82	NAN	
1782	68,20884916	172,5045652	1,82	NAN	
1783,015	68,30722174	172,5045652	1,825	NAN	
1784	68,20884916	172,7137537	1,82	NAN	
1785	68,20884916	172,5045652	1,825	NAN	
1786	68,20884916	172,7137537	1,825	NAN	
1787	68,05389285	172,7137537	1,825	NAN	
1788,008	68,20884916	172,5045652	1,825	NAN	
1789	68,20884916	172,5045652	1,825	NAN	
1790	68,05389285	172,7137537	1,825	NAN	
1791	68,11047452	172,7137537	1,83	NAN	
1792	68,11047452	172,5045652	1,825	NAN	
1793	67,91371899	172,5045652	1,825	NAN	
1794	68,0120978	172,5045652	1,83	NAN	
1795	68,0120978	172,5045652	1,83	NAN	
1796,011	68,11047452	172,5045652	1,83	NAN	
1797	67,91371899	172,5045652	1,825	NAN	
1798	67,91371899	172,7137537	1,83	NAN	
1799	68,0120978	172,5045652	1,825	NAN	
1800	67,91371899	172,5045652	1,825	NAN	
1801	67,91371899	172,5045652	1,83	NAN	
1802,009	68,0120978	172,5045652	1,825	NAN	
1803	68,0120978	172,5045652	1,825	NAN	
1804	68,0120978	172,5045652	1,825	NAN	
1805	67,91371899	172,5045652	1,825	NAN	
1806	67,91371899	172,7137537	1,82	NAN	
1807	67,91371899	172,5045652	1,825	NAN	
1808,014	67,81533806	172,5045652	1,82	NAN	
1809	67,81533806	172,7137537	1,82	NAN	
1810	67,81533806	172,5045652	1,825	NAN	
1811	67,91371899	172,5045652	1,82	NAN	
1812	67,71695499	172,5045652	1,82	NAN	
1813	67,71695499	172,5045652	1,82	NAN	
1814	67,61856977	172,5045652	1,82	NAN	
1815	67,71695499	172,5045652	1,82	NAN	
1816	67,71695499	172,5045652	1,82	NAN	
1817	67,61856977	172,7137537	1,815	NAN	
1818,015	67,81533806	172,5045652	1,815	NAN	
1819	67,81533806	172,5045652	1,815	NAN	
1820	67,81533806	172,5045652	1,815	NAN	
1821	67,81533806	172,5045652	1,82	NAN	
1822	67,81533806	172,5045652	1,82	NAN	
1823,003	67,81533806	172,5045652	1,815	NAN	
1824	67,81533806	172,5045652	1,82	NAN	
1825	67,81533806	172,5045652	1,82	NAN	
1826	67,81533806	172,5045652	1,82	NAN	
1827	67,81533806	172,5045652	1,82	NAN	
1828,013	67,81533806	172,5045652	1,82	NAN	
1829	67,81533806	172,5045652	1,82	NAN	
1830	67,81533806	172,7137537	1,82	NAN	
1831	67,81533806	172,7137537	1,82	NAN	
1832	67,81533806	172,5045652	1,82	NAN	
1833	67,61856977	172,5045652	1,82	NAN	
1834	67,61856977	172,5045652	1,82	NAN	
1835,01	67,61856977	172,5045652	1,82	NAN	
1836,002	67,52018238	172,7137537	1,815	NAN	
1837	67,57670883	172,5045652	1,815	NAN	
1838	67,57670883	172,5045652	1,815	NAN	
1839	67,52018238	172,7137537	1,815	NAN	
1840	67,42179279	172,7137537	1,81	NAN	
1841	67,42179279	172,5045652	1,81	NAN	
1842	67,47832051	172,7137537	1,805	NAN	
1843,009	67,52018238	172,5045652	1,81	NAN	
1844	67,37992998	172,5045652	1,805	NAN	
1845	67,22500695	172,5045652	1,8	NAN	
1846	67,12661067	172,5045652	1,8	NAN	
1847	67,28153723	172,5045652	1,795	NAN	
1848	67,18314224	172,5045652	1,795	NAN	
1849	67,18314224	172,7137537	1,795	NAN	
1850,016	67,28153723	172,5045652	1,79	NAN	
1851,002	67,084745	172,5045652	1,79	NAN	
1852	67,18314224	172,5045652	1,79	NAN	
1853	67,18314224	172,5045652	1,785	NAN	
1854	67,18314224	172,5045652	1,785	NAN	
1855	67,28153723	172,5045652	1,785	NAN	
1856	67,18314224	172,5045652	1,785	NAN	
1857,008	67,22500695	172,5045652	1,78	NAN	
1858	67,084745	172,5045652	1,78	NAN	
1859	66,98634547	172,5045652	1,78	NAN	
1860	66,98634547	172,5045652	1,78	NAN	
1861	66,88794364	172,5045652	1,78	NAN	
1862	66,88794364	172,7137537	1,775	NAN	
1863	66,88794364	172,5045652	1,78	NAN	
1864,015	66,88794364	172,5045652	1,775	NAN	
1865	66,88794364	172,5045652	1,78	NAN	
1866	66,98634547	172,7137537	1,775	NAN	
1867	66,88794364	172,5045652	1,775	NAN	
1868	66,7895395	172,7137537	1,775	NAN	
1869	66,7895395	172,5045652	1,775	NAN	
1870	66,7895395	172,5045652	1,775	NAN	
1871,007	66,63459481	172,5045652	1,775	NAN	
1872	66,69113302	172,5045652	1,775	NAN	
1873	66,73300264	172,5045652	1,775	NAN	
1874	66,98634547	172,5045652	1,78	NAN	
1875	67,18314224	172,5045652	1,785	NAN	
1876	67,28153723	172,5045652	1,79	NAN	
1877	67,28153723	172,5045652	1,79	NAN	
1878,009	67,28153723	172,5045652	1,795	NAN	
1879	67,28153723	172,5045652	1,795	NAN	
1880	67,37992998	172,5045652	1,795	NAN	
1881	67,28153723	172,5045652	1,795	NAN	
1882	67,28153723	172,5045652	1,795	NAN	
1883,013	67,18314224	172,7137537	1,795	NAN	
1884	67,18314224	172,5045652	1,795	NAN	
1885	67,18314224	172,5045652	1,795	NAN	
1886	67,18314224	172,5045652	1,79	NAN	
1887	67,18314224	172,5045652	1,79	NAN	
1888	67,084745	172,7137537	1,79	NAN	
1889	67,084745	172,5045652	1,785	NAN	
1890,008	67,084745	172,5045652	1,785	NAN	
1891,002	67,084745	172,7137537	1,78	NAN	
1892	66,98634547	172,5045652	1,785	NAN	
1893	66,98634547	172,5045652	1,78	NAN	
1894	66,98634547	172,5045652	1,785	NAN	
1895	67,084745	172,5045652	1,78	NAN	
1896	66,98634547	172,7137537	1,78	NAN	
1897,014	67,14121567	172,5045652	1,78	NAN	
1898	67,23961162	172,5045652	1,775	NAN	
1899	67,084745	172,7137537	1,775	NAN	
1900	67,084745	172,7137537	1,775	NAN	
