MIN=0	0	0	0	0	
MAX=2560	120	120	10	0,5	
SCALE=1000	50	50	5	0,1	
DEC=0	1	1	2	4	
DEF="Tiempo" t / s	"Temperatura" &J_A11 / °C	"Temperatura" &J_A12 / °C	"Tensión" U_B1 / mV	"Frecuencia" f / Hz	
0	87,98107074	172,7137537	2,85	NAN	
1,003	87,78437523	172,5045652	2,85	NAN	
2,006	87,58768685	172,7137537	2,85	NAN	
3	87,29266729	172,5045652	2,85	NAN	
4	87,09599603	172,7137537	2,85	NAN	
5	87,19433083	172,5045652	2,845	NAN	
6	86,99766289	172,7137537	2,845	NAN	
7	87,09599603	172,7137537	2,845	NAN	
8	87,09599603	172,7137537	2,845	NAN	
9	87,19433083	172,7137537	2,845	NAN	
10,013	87,29266729	172,5045652	2,845	NAN	
11	87,39100543	172,7137537	2,845	NAN	
12	87,39100543	172,7137537	2,845	NAN	
13	87,39100543	172,5045652	2,845	NAN	
14	87,29266729	172,5045652	2,84	NAN	
15	87,34862733	172,5045652	2,845	NAN	
16,011	87,29266729	172,7137537	2,84	NAN	
17	87,19433083	172,5045652	2,84	NAN	
18	86,99766289	172,5045652	2,84	NAN	
19	87,09599603	172,7137537	2,835	NAN	
20,013	86,89933136	172,7137537	2,84	NAN	
21	86,80100145	172,5045652	2,835	NAN	
22	86,70267312	172,7137537	2,835	NAN	
23	86,60434637	172,7137537	2,83	NAN	
24	86,50602116	172,7137537	2,83	NAN	
25,012	86,40769748	172,5045652	2,83	NAN	
26	86,21105464	172,5045652	2,83	NAN	
27	86,50602116	172,7137537	2,83	NAN	
28	86,50602116	172,5045652	2,83	NAN	
29	86,70267312	172,5045652	2,83	NAN	
30,013	86,89933136	172,5045652	2,83	NAN	
31	87,88272209	172,7137537	2,83	NAN	
32	89,16140203	172,5045652	2,83	NAN	
33	88,7679271	172,5045652	2,835	NAN	
34	88,43045504	172,7137537	2,83	NAN	
35	88,2761277	172,7137537	2,83	NAN	
36,006	88,43045504	172,5045652	2,83	NAN	
37,003	88,7679271	172,5045652	2,83	NAN	
38	89,02063852	172,5045652	2,825	NAN	
39	89,16140203	172,5045652	2,825	NAN	
40	89,16140203	172,5045652	2,825	NAN	
41	89,61089483	172,5045652	2,825	NAN	
42,007	89,65329197	172,5045652	2,825	NAN	
43	89,55490977	172,7137537	2,825	NAN	
44	89,70927826	172,7137537	2,825	NAN	
45	89,80766384	172,5045652	2,825	NAN	
46	89,80766384	172,5045652	2,825	NAN	
47,015	89,65329197	172,7137537	2,83	NAN	
48	89,65329197	172,7137537	2,83	NAN	
49	89,61089483	172,5045652	2,835	NAN	
50	89,45652969	172,5045652	2,835	NAN	
51	89,61089483	172,5045652	2,835	NAN	
52,012	89,65329197	172,5045652	2,835	NAN	
53	89,51251355	172,7137537	2,835	NAN	
54	89,51251355	172,7137537	2,83	NAN	
55	89,51251355	172,7137537	2,83	NAN	
56	89,61089483	172,5045652	2,83	NAN	
57,001	89,51251355	172,7137537	2,83	NAN	
58	89,45652969	172,5045652	2,83	NAN	
59	89,51251355	172,5045652	2,83	NAN	
60	89,51251355	172,5045652	2,825	NAN	
61	89,45652969	172,7137537	2,825	NAN	
62	89,41413438	172,5045652	2,825	NAN	
63	89,41413438	172,5045652	2,825	NAN	
64	89,25977584	172,5045652	2,825	NAN	
65,012	89,41413438	172,7137537	2,82	NAN	
66	89,51251355	172,5045652	2,82	NAN	
67	89,31575731	172,7137537	2,82	NAN	
68	89,21738232	172,5045652	2,815	NAN	
69	89,1190094	172,5045652	2,815	NAN	
70	89,1190094	172,7137537	2,81	NAN	
71	89,1190094	172,7137537	2,81	NAN	
72,006	89,21738232	172,7137537	2,81	NAN	
73	89,21738232	172,5045652	2,81	NAN	
74	89,1190094	172,7137537	2,805	NAN	
75	89,21738232	172,7137537	2,805	NAN	
76	89,1190094	172,7137537	2,805	NAN	
77	89,21738232	172,5045652	2,805	NAN	
78,008	89,31575731	172,5045652	2,8	NAN	
79	89,21738232	172,7137537	2,805	NAN	
80	89,21738232	172,7137537	2,805	NAN	
81	89,02063852	172,7137537	2,805	NAN	
82	89,02063852	172,7137537	2,8	NAN	
83,016	88,92226966	172,7137537	2,8	NAN	
84,008	89,21738232	172,7137537	2,8	NAN	
85	89,1190094	172,5045652	2,8	NAN	
86	89,1190094	172,5045652	2,8	NAN	
87	89,1190094	172,5045652	2,8	NAN	
88	89,1190094	172,7137537	2,8	NAN	
89	89,1190094	172,7137537	2,8	NAN	
90	89,1190094	172,5045652	2,8	NAN	
91	89,1190094	172,7137537	2,805	NAN	
92	89,02063852	172,7137537	2,8	NAN	
93	89,1190094	172,7137537	2,8	NAN	
94	89,1190094	172,7137537	2,8	NAN	
95	89,02063852	172,5045652	2,805	NAN	
96	88,82390281	172,5045652	2,805	NAN	
97	88,92226966	172,7137537	2,8	NAN	
98	88,82390281	172,5045652	2,8	NAN	
99,015	88,72553793	172,7137537	2,8	NAN	
100,001	88,72553793	172,5045652	2,8	NAN	
101	88,62717503	172,7137537	2,795	NAN	
102	88,62717503	172,5045652	2,795	NAN	
103	88,43045504	172,5045652	2,795	NAN	
104	88,43045504	172,5045652	2,79	NAN	
105	88,52881407	172,5045652	2,785	NAN	
106	88,72553793	172,5045652	2,785	NAN	
107	88,62717503	172,7137537	2,78	NAN	
108	88,62717503	172,5045652	2,78	NAN	
109	88,62717503	172,5045652	2,775	NAN	
110	88,62717503	172,5045652	2,775	NAN	
111	88,62717503	172,7137537	2,77	NAN	
112,012	88,43045504	172,7137537	2,775	NAN	
113	88,62717503	172,5045652	2,77	NAN	
114	88,48636927	172,7137537	2,765	NAN	
115	88,33209791	172,7137537	2,765	NAN	
116	88,23374268	172,7137537	2,765	NAN	
117	88,23374268	172,5045652	2,76	NAN	
118	88,13538931	172,5045652	2,76	NAN	
119	88,43045504	172,5045652	2,76	NAN	
120	88,5847294	172,5045652	2,76	NAN	
121	88,5847294	172,5045652	2,76	NAN	
122	88,48636927	172,5045652	2,76	NAN	
123	88,33209791	172,5045652	2,76	NAN	
124	88,68309146	172,5045652	2,76	NAN	
125,006	88,5847294	172,7137537	2,76	NAN	
126	88,68309146	172,5045652	2,76	NAN	
127	88,62717503	172,5045652	2,76	NAN	
128	88,68309146	172,5045652	2,765	NAN	
129	88,78145548	172,5045652	2,77	NAN	
130	88,68309146	172,5045652	2,765	NAN	
131	88,5847294	172,7137537	2,765	NAN	
132,012	88,68309146	172,7137537	2,765	NAN	
133,001	88,5847294	172,5045652	2,77	NAN	
134	88,68309146	172,7137537	2,77	NAN	
135	88,5847294	172,7137537	2,77	NAN	
136	88,5847294	172,7137537	2,77	NAN	
137,006	88,48636927	172,5045652	2,77	NAN	
138	88,48636927	172,7137537	2,77	NAN	
139	88,38801106	172,5045652	2,77	NAN	
140	88,33209791	172,5045652	2,77	NAN	
141	88,28965476	172,5045652	2,77	NAN	
142	88,38801106	172,5045652	2,765	NAN	
143	88,38801106	172,5045652	2,77	NAN	
144,011	88,38801106	172,5045652	2,765	NAN	
145	88,38801106	172,5045652	2,765	NAN	
146	88,38801106	172,7137537	2,765	NAN	
147	88,28965476	172,7137537	2,765	NAN	
148	88,28965476	172,5045652	2,765	NAN	
149	88,38801106	172,7137537	2,765	NAN	
150,004	88,28965476	172,5045652	2,765	NAN	
151	88,28965476	172,5045652	2,765	NAN	
152	88,19130033	172,7137537	2,76	NAN	
153	88,19130033	172,7137537	2,765	NAN	
154	88,19130033	172,5045652	2,765	NAN	
155,013	88,28965476	172,5045652	2,765	NAN	
156	88,19130033	172,5045652	2,76	NAN	
157	88,09294776	172,5045652	2,76	NAN	
158	88,09294776	172,7137537	2,755	NAN	
159	87,99459704	172,5045652	2,755	NAN	
160	87,99459704	172,5045652	2,755	NAN	
161	87,89624813	172,5045652	2,755	NAN	
162	87,89624813	172,7137537	2,755	NAN	
163	87,79790103	172,7137537	2,75	NAN	
164,004	87,79790103	172,7137537	2,75	NAN	
165	87,79790103	172,5045652	2,745	NAN	
166	87,69955571	172,5045652	2,745	NAN	
167	87,60121216	172,5045652	2,74	NAN	
168	87,50287035	172,7137537	2,74	NAN	
169	87,40453027	172,7137537	2,735	NAN	
170	87,30619189	172,7137537	2,735	NAN	
171,001	87,40453027	172,7137537	2,73	NAN	
172	87,40453027	172,5045652	2,73	NAN	
173	87,26369951	172,5045652	2,725	NAN	
174	87,2078552	172,5045652	2,725	NAN	
175	87,2078552	172,5045652	2,72	NAN	
176	87,65706036	172,5045652	2,72	NAN	
177	87,69955571	172,5045652	2,715	NAN	
178,009	87,69955571	172,5045652	2,715	NAN	
179	87,75540491	172,5045652	2,715	NAN	
180	87,69955571	172,5045652	2,715	NAN	
181	87,85375124	172,5045652	2,715	NAN	
182	87,85375124	172,5045652	2,71	NAN	
183	87,79790103	172,5045652	2,715	NAN	
184	87,89624813	172,5045652	2,715	NAN	
185,008	87,75540491	172,5045652	2,715	NAN	
186	87,95209936	172,7137537	2,715	NAN	
187	87,85375124	172,7137537	2,715	NAN	
188	87,85375124	172,5045652	2,715	NAN	
189	87,69955571	172,5045652	2,72	NAN	
190	87,85375124	172,5045652	2,72	NAN	
191,016	87,75540491	172,7137537	2,72	NAN	
192	87,75540491	172,5045652	2,72	NAN	
193	87,75540491	172,5045652	2,72	NAN	
194	87,75540491	172,5045652	2,715	NAN	
195	87,75540491	172,5045652	2,72	NAN	
196	87,55871756	172,5045652	2,715	NAN	
197,007	87,65706036	172,5045652	2,715	NAN	
198	87,65706036	172,5045652	2,715	NAN	
199	87,65706036	172,5045652	2,715	NAN	
200	87,55871756	172,5045652	2,715	NAN	
201	87,65706036	172,7137537	2,715	NAN	
202	87,4603765	172,5045652	2,715	NAN	
203	87,55871756	172,5045652	2,72	NAN	
204	87,55871756	172,7137537	2,715	NAN	
205	87,4603765	172,7137537	2,715	NAN	
206,011	87,65706036	172,7137537	2,72	NAN	
207	87,4603765	172,5045652	2,72	NAN	
208	87,4603765	172,7137537	2,72	NAN	
209	87,4603765	172,5045652	2,72	NAN	
210	87,4603765	172,5045652	2,72	NAN	
211	87,55871756	172,5045652	2,72	NAN	
212	87,4603765	172,5045652	2,72	NAN	
213	87,4603765	172,7137537	2,72	NAN	
214,002	87,55871756	172,7137537	2,72	NAN	
215	87,4603765	172,7137537	2,72	NAN	
216	87,4603765	172,7137537	2,715	NAN	
217	87,4603765	172,7137537	2,715	NAN	
218	87,4603765	172,5045652	2,715	NAN	
219,011	87,26369951	172,7137537	2,715	NAN	
220	87,36203716	172,7137537	2,715	NAN	
221	87,36203716	172,5045652	2,715	NAN	
222	87,36203716	172,7137537	2,715	NAN	
223	87,26369951	172,7137537	2,71	NAN	
224	87,26369951	172,7137537	2,705	NAN	
225	87,26369951	172,5045652	2,705	NAN	
226	87,26369951	172,7137537	2,705	NAN	
227	87,26369951	172,5045652	2,7	NAN	
228	87,26369951	172,5045652	2,7	NAN	
229,01	87,06702924	172,5045652	2,695	NAN	
230	87,31948752	172,5045652	2,695	NAN	
231	87,16536354	172,5045652	2,69	NAN	
232	87,06702924	172,5045652	2,69	NAN	
233	87,26369951	172,5045652	2,69	NAN	
234	87,31948752	172,7137537	2,685	NAN	
235	87,16536354	172,7137537	2,685	NAN	
236,008	87,12281535	172,7137537	2,685	NAN	
237,002	87,16536354	172,5045652	2,685	NAN	
238	87,26369951	172,7137537	2,685	NAN	
239	87,2211506	172,5045652	2,685	NAN	
240	87,2211506	172,7137537	2,69	NAN	
241	87,2211506	172,7137537	2,685	NAN	
242	87,12281535	172,7137537	2,685	NAN	
243	87,12281535	172,5045652	2,685	NAN	
244	86,96869657	172,7137537	2,685	NAN	
245	87,12281535	172,7137537	2,685	NAN	
246	87,02448176	172,7137537	2,685	NAN	
247	87,02448176	172,7137537	2,685	NAN	
248	86,9261498	172,7137537	2,685	NAN	
249	86,9261498	172,5045652	2,685	NAN	
250	86,82781945	172,5045652	2,685	NAN	
251	86,88354689	172,5045652	2,685	NAN	
252	86,72949069	172,5045652	2,68	NAN	
253	86,72949069	172,5045652	2,68	NAN	
254	86,82781945	172,7137537	2,68	NAN	
255	86,82781945	172,5045652	2,68	NAN	
256	86,82781945	172,7137537	2,675	NAN	
257,014	86,82781945	172,7137537	2,675	NAN	
258	86,82781945	172,5045652	2,675	NAN	
259	86,72949069	172,5045652	2,675	NAN	
260	86,82781945	172,7137537	2,675	NAN	
261	86,82781945	172,5045652	2,675	NAN	
262	86,9261498	172,7137537	2,675	NAN	
263,015	86,72949069	172,7137537	2,675	NAN	
264	86,82781945	172,7137537	2,675	NAN	
265	86,82781945	172,5045652	2,68	NAN	
266	86,82781945	172,7137537	2,68	NAN	
267	86,72949069	172,5045652	2,68	NAN	
268	86,9261498	172,5045652	2,68	NAN	
269	86,82781945	172,5045652	2,68	NAN	
270,013	86,72949069	172,5045652	2,68	NAN	
271	86,82781945	172,7137537	2,68	NAN	
272	86,6311635	172,5045652	2,68	NAN	
273	86,72949069	172,7137537	2,675	NAN	
274	86,6311635	172,5045652	2,67	NAN	
275	86,68688916	172,5045652	2,67	NAN	
276,003	86,72949069	172,7137537	2,67	NAN	
277	86,53283788	172,7137537	2,665	NAN	
278	86,6311635	172,7137537	2,67	NAN	
279	86,53283788	172,7137537	2,67	NAN	
280	86,43451378	172,7137537	2,67	NAN	
281	86,49023769	172,7137537	2,67	NAN	
282,008	86,23787013	172,5045652	2,67	NAN	
283	86,13955052	172,7137537	2,67	NAN	
284	86,19527189	172,5045652	2,67	NAN	
285	86,19527189	172,7137537	2,67	NAN	
286	86,04123238	172,5045652	2,67	NAN	
287,014	86,04123238	172,5045652	2,67	NAN	
288	85,80200464	172,7137537	2,67	NAN	
289	85,90031932	172,5045652	2,67	NAN	
290	85,90031932	172,5045652	2,67	NAN	
291	86,19527189	172,5045652	2,67	NAN	
292	86,29359233	172,5045652	2,665	NAN	
293	86,09695292	172,5045652	2,665	NAN	
294,003	85,99863541	172,5045652	2,665	NAN	
295	85,99863541	172,5045652	2,665	NAN	
296	85,99863541	172,7137537	2,665	NAN	
297	85,90031932	172,5045652	2,66	NAN	
298	85,80200464	172,7137537	2,66	NAN	
299	85,90031932	172,7137537	2,655	NAN	
300	85,80200464	172,7137537	2,655	NAN	
301,01	85,99863541	172,5045652	2,65	NAN	
302	85,70369136	172,5045652	2,645	NAN	
303	85,70369136	172,5045652	2,65	NAN	
304	85,70369136	172,7137537	2,645	NAN	
305	85,647974	172,5045652	2,645	NAN	
306,006	85,60537945	172,5045652	2,64	NAN	
307	85,40875967	172,7137537	2,64	NAN	
308	85,40875967	172,7137537	2,64	NAN	
309	85,31045176	172,5045652	2,635	NAN	
310	85,31045176	172,7137537	2,635	NAN	
311	85,01553573	172,5045652	2,635	NAN	
312	85,31045176	172,5045652	2,635	NAN	
313	85,50706889	172,5045652	2,635	NAN	
314	85,35304458	172,5045652	2,635	NAN	
315	85,50706889	172,7137537	2,635	NAN	
316	85,50706889	172,7137537	2,635	NAN	
317	85,40875967	172,5045652	2,635	NAN	
318	85,31045176	172,7137537	2,63	NAN	
319	85,40875967	172,7137537	2,625	NAN	
320	85,70369136	172,5045652	2,625	NAN	
321	85,80200464	172,7137537	2,625	NAN	
322	85,80200464	172,7137537	2,625	NAN	
323	85,70369136	172,5045652	2,625	NAN	
324,014	85,50706889	172,5045652	2,625	NAN	
325	85,40875967	172,5045652	2,625	NAN	
326	85,70369136	172,7137537	2,625	NAN	
327	85,60537945	172,5045652	2,625	NAN	
328	85,50706889	172,5045652	2,63	NAN	
329	85,50706889	172,5045652	2,63	NAN	
330	85,40875967	172,7137537	2,625	NAN	
331	85,60537945	172,5045652	2,63	NAN	
332	85,50706889	172,5045652	2,625	NAN	
333	85,60537945	172,7137537	2,625	NAN	
334	85,60537945	172,7137537	2,625	NAN	
335	85,40875967	172,7137537	2,62	NAN	
336	85,40875967	172,5045652	2,62	NAN	
337	85,40875967	172,5045652	2,62	NAN	
338	85,21214514	172,7137537	2,62	NAN	
339	85,11383981	172,7137537	2,62	NAN	
340	85,31045176	172,5045652	2,62	NAN	
341	85,40875967	172,5045652	2,62	NAN	
342	85,11383981	172,5045652	2,615	NAN	
343	85,60537945	172,5045652	2,615	NAN	
344	85,80200464	172,5045652	2,615	NAN	
345	85,80200464	172,7137537	2,615	NAN	
346	85,50706889	172,7137537	2,615	NAN	
347	85,60537945	172,5045652	2,615	NAN	
348	85,80200464	172,7137537	2,615	NAN	
349	85,80200464	172,7137537	2,61	NAN	
350,012	85,8576672	172,7137537	2,61	NAN	
351,003	85,70369136	172,7137537	2,61	NAN	
352,001	85,60537945	172,5045652	2,61	NAN	
353	85,60537945	172,7137537	2,61	NAN	
354	85,70369136	172,7137537	2,605	NAN	
355	85,60537945	172,5045652	2,605	NAN	
356,015	85,50706889	172,5045652	2,605	NAN	
357	85,40875967	172,5045652	2,6	NAN	
358	85,31045176	172,5045652	2,6	NAN	
359	85,11383981	172,7137537	2,6	NAN	
360	84,91723289	172,7137537	2,6	NAN	
361,006	85,11383981	172,5045652	2,595	NAN	
362	85,3661105	172,5045652	2,595	NAN	
363	85,40875967	172,7137537	2,595	NAN	
364	85,40875967	172,5045652	2,59	NAN	
365,013	85,50706889	172,7137537	2,59	NAN	
366	85,40875967	172,7137537	2,595	NAN	
367	85,50706889	172,5045652	2,595	NAN	
368	85,31045176	172,5045652	2,595	NAN	
369	85,40875967	172,5045652	2,595	NAN	
370	85,40875967	172,5045652	2,595	NAN	
371	85,40875967	172,5045652	2,595	NAN	
372,011	85,40875967	172,7137537	2,595	NAN	
373	85,40875967	172,5045652	2,595	NAN	
374	85,40875967	172,5045652	2,595	NAN	
375	85,40875967	172,5045652	2,6	NAN	
376	85,40875967	172,7137537	2,6	NAN	
377	85,40875967	172,7137537	2,6	NAN	
378	85,31045176	172,5045652	2,6	NAN	
379	85,50706889	172,5045652	2,6	NAN	
380	85,40875967	172,5045652	2,6	NAN	
381	85,31045176	172,7137537	2,6	NAN	
382	85,31045176	172,5045652	2,6	NAN	
383	85,31045176	172,7137537	2,6	NAN	
384	85,31045176	172,7137537	2,6	NAN	
385	85,31045176	172,7137537	2,6	NAN	
386	85,21214514	172,7137537	2,6	NAN	
387	85,21214514	172,5045652	2,605	NAN	
388,015	85,1694971	172,7137537	2,6	NAN	
389,001	85,21214514	172,7137537	2,6	NAN	
390	85,11383981	172,7137537	2,6	NAN	
391	85,26780316	172,5045652	2,6	NAN	
392	85,1694971	172,7137537	2,595	NAN	
393	85,1694971	172,5045652	2,595	NAN	
394,01	85,07119231	172,7137537	2,59	NAN	
395	85,01553573	172,5045652	2,59	NAN	
396	85,01553573	172,7137537	2,59	NAN	
397	85,07119231	172,5045652	2,585	NAN	
398	84,91723289	172,5045652	2,585	NAN	
399	84,72063084	172,5045652	2,58	NAN	
400	84,91723289	172,5045652	2,58	NAN	
401	84,81893127	172,5045652	2,575	NAN	
402	84,87458646	172,5045652	2,57	NAN	
403	84,87458646	172,5045652	2,57	NAN	
404	84,77628536	172,7137537	2,57	NAN	
405	84,67798545	172,5045652	2,565	NAN	
406	84,67798545	172,5045652	2,565	NAN	
407	84,67798545	172,7137537	2,565	NAN	
408	84,77628536	172,7137537	2,565	NAN	
409	84,81893127	172,7137537	2,56	NAN	
410	84,87458646	172,7137537	2,56	NAN	
411	84,81893127	172,7137537	2,56	NAN	
412	84,87458646	172,5045652	2,56	NAN	
413,006	85,07119231	172,7137537	2,565	NAN	
414,005	84,97288877	172,7137537	2,565	NAN	
415	84,91723289	172,7137537	2,565	NAN	
416	84,87458646	172,5045652	2,565	NAN	
417	84,87458646	172,5045652	2,57	NAN	
418	84,87458646	172,7137537	2,57	NAN	
419,011	84,97288877	172,7137537	2,57	NAN	
420	84,77628536	172,7137537	2,575	NAN	
421	84,87458646	172,7137537	2,575	NAN	
422	84,77628536	172,7137537	2,575	NAN	
423	84,81893127	172,5045652	2,575	NAN	
424,012	84,67798545	172,5045652	2,575	NAN	
425,001	84,77628536	172,7137537	2,57	NAN	
426	84,77628536	172,7137537	2,57	NAN	
427	84,72063084	172,7137537	2,57	NAN	
428	84,77628536	172,7137537	2,57	NAN	
429	84,67798545	172,7137537	2,57	NAN	
430	84,77628536	172,5045652	2,57	NAN	
431	84,77628536	172,7137537	2,57	NAN	
432,002	84,77628536	172,5045652	2,57	NAN	
433	84,77628536	172,7137537	2,565	NAN	
434	84,67798545	172,5045652	2,57	NAN	
435	84,67798545	172,5045652	2,57	NAN	
436,005	84,77628536	172,7137537	2,57	NAN	
437	84,67798545	172,7137537	2,57	NAN	
438	84,67798545	172,7137537	2,57	NAN	
439	84,67798545	172,5045652	2,57	NAN	
440	84,67798545	172,7137537	2,57	NAN	
441	84,57968672	172,5045652	2,565	NAN	
442	84,48138913	172,5045652	2,565	NAN	
443	84,48138913	172,5045652	2,565	NAN	
444	84,48138913	172,7137537	2,565	NAN	
445	84,48138913	172,5045652	2,56	NAN	
446	84,38309268	172,7137537	2,56	NAN	
447	84,28479734	172,5045652	2,555	NAN	
448	84,28479734	172,7137537	2,555	NAN	
449	84,1865031	172,7137537	2,55	NAN	
450	84,1865031	172,5045652	2,545	NAN	
451	84,28479734	172,5045652	2,55	NAN	
452	84,57968672	172,7137537	2,545	NAN	
453	84,57968672	172,7137537	2,545	NAN	
454	84,57968672	172,5045652	2,54	NAN	
455	84,57968672	172,5045652	2,54	NAN	
456	84,57968672	172,5045652	2,54	NAN	
457	84,53698644	172,5045652	2,545	NAN	
458	84,48138913	172,7137537	2,545	NAN	
459,003	84,53698644	172,7137537	2,545	NAN	
460	84,48138913	172,7137537	2,545	NAN	
461	84,48138913	172,7137537	2,545	NAN	
462	84,48138913	172,5045652	2,545	NAN	
463	84,48138913	172,7137537	2,55	NAN	
464	84,38309268	172,7137537	2,545	NAN	
465	84,38309268	172,7137537	2,545	NAN	
466	84,38309268	172,5045652	2,55	NAN	
467	84,43868935	172,5045652	2,545	NAN	
468	84,28479734	172,5045652	2,545	NAN	
469	84,34039338	172,7137537	2,545	NAN	
470	84,28479734	172,5045652	2,545	NAN	
471	84,38309268	172,5045652	2,545	NAN	
472	84,28479734	172,5045652	2,54	NAN	
473	84,34039338	172,7137537	2,54	NAN	
474	84,1865031	172,5045652	2,54	NAN	
475	84,34039338	172,7137537	2,54	NAN	
476	84,24209852	172,7137537	2,54	NAN	
477,012	84,34039338	172,5045652	2,54	NAN	
478,005	84,24209852	172,7137537	2,54	NAN	
479	84,34039338	172,5045652	2,545	NAN	
480	84,1865031	172,7137537	2,545	NAN	
481	84,24209852	172,7137537	2,54	NAN	
482	84,1865031	172,7137537	2,545	NAN	
483,01	84,1865031	172,7137537	2,545	NAN	
484	84,24209852	172,7137537	2,545	NAN	
485	84,08820993	172,5045652	2,545	NAN	
486	84,14380475	172,5045652	2,545	NAN	
487	84,04551204	172,7137537	2,54	NAN	
488	83,94722039	172,5045652	2,54	NAN	
489,015	84,04551204	172,5045652	2,54	NAN	
490,005	83,84892976	172,7137537	2,53	NAN	
491	83,84892976	172,7137537	2,53	NAN	
492	84,04551204	172,7137537	2,525	NAN	
493	83,94722039	172,5045652	2,525	NAN	
494	83,84892976	172,5045652	2,525	NAN	
495,008	83,94722039	172,7137537	2,52	NAN	
496	83,84892976	172,5045652	2,52	NAN	
497	83,84892976	172,7137537	2,52	NAN	
498	83,94722039	172,7137537	2,515	NAN	
499	83,84892976	172,7137537	2,515	NAN	
500	83,90446794	172,5045652	2,51	NAN	
501	83,75064013	172,7137537	2,51	NAN	
502	83,75064013	172,5045652	2,51	NAN	
503	83,6523515	172,7137537	2,505	NAN	
504	83,55406384	172,5045652	2,505	NAN	
505	83,55406384	172,7137537	2,505	NAN	
506,006	83,6523515	172,7137537	2,505	NAN	
507	83,55406384	172,7137537	2,505	NAN	
508	83,55406384	172,7137537	2,5	NAN	
509	83,55406384	172,7137537	2,5	NAN	
510	83,45577713	172,5045652	2,495	NAN	
511	83,45577713	172,5045652	2,495	NAN	
512,013	83,41302681	172,7137537	2,495	NAN	
513	83,35749136	172,7137537	2,495	NAN	
514	83,31474143	172,5045652	2,495	NAN	
515	83,16092252	172,5045652	2,49	NAN	
516	82,96435718	172,7137537	2,49	NAN	
517	82,86607578	172,5045652	2,49	NAN	
518	82,86607578	172,7137537	2,485	NAN	
519	82,82332772	172,7137537	2,485	NAN	
520	82,72504748	172,7137537	2,49	NAN	
521	82,72504748	172,7137537	2,49	NAN	
522	82,52848934	172,5045652	2,49	NAN	
523	82,52848934	172,5045652	2,495	NAN	
524	82,33193421	172,7137537	2,495	NAN	
525	82,82332772	172,5045652	2,5	NAN	
526	83,21645695	172,5045652	2,5	NAN	
527	83,21645695	172,7137537	2,5	NAN	
528	83,11817337	172,5045652	2,5	NAN	
529	83,11817337	172,5045652	2,5	NAN	
530	82,92160877	172,5045652	2,505	NAN	
531	82,82332772	172,7137537	2,5	NAN	
532	82,62676802	172,7137537	2,5	NAN	
533	82,72504748	172,7137537	2,5	NAN	
534	82,82332772	172,7137537	2,5	NAN	
535	83,01989064	172,7137537	2,5	NAN	
536	83,11817337	172,7137537	2,5	NAN	
537,006	83,21645695	172,7137537	2,5	NAN	
538	83,21645695	172,7137537	2,495	NAN	
539	83,11817337	172,7137537	2,495	NAN	
540	83,11817337	172,5045652	2,495	NAN	
541	83,11817337	172,7137537	2,495	NAN	
542,008	82,92160877	172,5045652	2,49	NAN	
543	82,72504748	172,5045652	2,49	NAN	
544	82,62676802	172,7137537	2,49	NAN	
545	82,62676802	172,5045652	2,49	NAN	
546	82,62676802	172,5045652	2,49	NAN	
547	82,52848934	172,7137537	2,485	NAN	
548	82,72504748	172,7137537	2,485	NAN	
549	82,62676802	172,7137537	2,485	NAN	
550	82,43021141	172,7137537	2,485	NAN	
551,014	82,43021141	172,5045652	2,485	NAN	
552	82,33193421	172,7137537	2,485	NAN	
553	82,43021141	172,7137537	2,485	NAN	
554	82,72504748	172,7137537	2,485	NAN	
555	82,82332772	172,5045652	2,485	NAN	
556	82,82332772	172,7137537	2,485	NAN	
557	82,72504748	172,5045652	2,485	NAN	
558	82,62676802	172,5045652	2,48	NAN	
559	82,52848934	172,7137537	2,48	NAN	
560	82,43021141	172,7137537	2,48	NAN	
561	82,583966	172,7137537	2,48	NAN	
562	82,78052501	172,7137537	2,48	NAN	
563	82,68224512	172,5045652	2,48	NAN	
564	82,72504748	172,7137537	2,485	NAN	
565	82,72504748	172,5045652	2,48	NAN	
566	83,07536957	172,7137537	2,485	NAN	
567	83,21645695	172,7137537	2,48	NAN	
568	83,31474143	172,5045652	2,485	NAN	
569	83,27193687	172,5045652	2,48	NAN	
570	83,31474143	172,7137537	2,48	NAN	
571	83,31474143	172,5045652	2,48	NAN	
572	83,21645695	172,7137537	2,48	NAN	
573	83,27193687	172,7137537	2,48	NAN	
574	83,27193687	172,7137537	2,48	NAN	
575	83,17365278	172,5045652	2,48	NAN	
576	83,21645695	172,7137537	2,48	NAN	
577	83,11817337	172,7137537	2,48	NAN	
578,011	83,07536957	172,7137537	2,48	NAN	
579	83,27193687	172,7137537	2,48	NAN	
580	83,21645695	172,7137537	2,475	NAN	
581	83,21645695	172,5045652	2,475	NAN	
582	83,11817337	172,5045652	2,475	NAN	
583	83,11817337	172,5045652	2,475	NAN	
584	83,01989064	172,5045652	2,475	NAN	
585	83,01989064	172,7137537	2,475	NAN	
586	83,01989064	172,7137537	2,47	NAN	
587	83,01989064	172,7137537	2,475	NAN	
588,013	82,97708722	172,7137537	2,475	NAN	
589	83,07536957	172,5045652	2,475	NAN	
590	83,07536957	172,5045652	2,475	NAN	
591	82,97708722	172,7137537	2,475	NAN	
592	82,87880571	172,7137537	2,475	NAN	
593	82,92160877	172,7137537	2,475	NAN	
594,013	82,97708722	172,7137537	2,475	NAN	
595	82,87880571	172,7137537	2,48	NAN	
596	82,82332772	172,5045652	2,475	NAN	
597	82,87880571	172,5045652	2,475	NAN	
598	82,87880571	172,7137537	2,475	NAN	
599	82,87880571	172,5045652	2,48	NAN	
600,001	82,78052501	172,7137537	2,475	NAN	
601	82,87880571	172,7137537	2,475	NAN	
602	82,78052501	172,7137537	2,475	NAN	
603	82,78052501	172,7137537	2,475	NAN	
604	82,87880571	172,7137537	2,475	NAN	
605	82,78052501	172,5045652	2,47	NAN	
606,013	82,87880571	172,7137537	2,47	NAN	
607	82,78052501	172,7137537	2,47	NAN	
608	82,87880571	172,5045652	2,465	NAN	
609	82,72504748	172,5045652	2,465	NAN	
610	82,68224512	172,5045652	2,465	NAN	
611	82,78052501	172,5045652	2,465	NAN	
612,01	82,78052501	172,7137537	2,465	NAN	
613	82,68224512	172,7137537	2,46	NAN	
614	82,48568765	172,7137537	2,46	NAN	
615	82,583966	172,7137537	2,45	NAN	
616	82,68224512	172,5045652	2,45	NAN	
617	82,72504748	172,5045652	2,45	NAN	
618	82,68224512	172,5045652	2,445	NAN	
619	82,583966	172,5045652	2,445	NAN	
620	82,72504748	172,5045652	2,445	NAN	
621	82,62676802	172,7137537	2,445	NAN	
622	82,68224512	172,7137537	2,445	NAN	
623	82,68224512	172,5045652	2,445	NAN	
624	82,68224512	172,7137537	2,445	NAN	
625	82,68224512	172,5045652	2,445	NAN	
626	82,62676802	172,5045652	2,45	NAN	
627,012	82,48568765	172,7137537	2,445	NAN	
628	82,583966	172,5045652	2,45	NAN	
629	82,583966	172,7137537	2,45	NAN	
630	82,583966	172,7137537	2,45	NAN	
631	82,48568765	172,7137537	2,45	NAN	
632	82,48568765	172,7137537	2,45	NAN	
633	82,583966	172,5045652	2,45	NAN	
634	82,48568765	172,5045652	2,45	NAN	
635,006	82,48568765	172,5045652	2,445	NAN	
636	82,38741003	172,5045652	2,45	NAN	
637	82,38741003	172,5045652	2,445	NAN	
638	82,38741003	172,7137537	2,445	NAN	
639	82,38741003	172,7137537	2,44	NAN	
640	82,38741003	172,7137537	2,445	NAN	
641	82,48568765	172,7137537	2,445	NAN	
642	82,38741003	172,5045652	2,44	NAN	
643	82,38741003	172,7137537	2,44	NAN	
644,005	82,38741003	172,7137537	2,44	NAN	
645	82,28913314	172,7137537	2,44	NAN	
646	82,38741003	172,7137537	2,44	NAN	
647	82,28913314	172,5045652	2,44	NAN	
648	82,28913314	172,5045652	2,44	NAN	
649	82,28913314	172,7137537	2,44	NAN	
650,001	82,28913314	172,7137537	2,44	NAN	
651	82,28913314	172,5045652	2,44	NAN	
652	82,19085696	172,5045652	2,435	NAN	
653	82,28913314	172,5045652	2,435	NAN	
654	82,09258145	172,7137537	2,435	NAN	
655,008	82,09258145	172,7137537	2,43	NAN	
656	82,19085696	172,5045652	2,43	NAN	
657	81,99430662	172,5045652	2,43	NAN	
658	82,19085696	172,5045652	2,43	NAN	
659	82,19085696	172,7137537	2,43	NAN	
660	82,19085696	172,5045652	2,425	NAN	
661	82,19085696	172,7137537	2,43	NAN	
662,013	82,19085696	172,7137537	2,425	NAN	
663	82,09258145	172,7137537	2,425	NAN	
664	82,19085696	172,7137537	2,42	NAN	
665	82,19085696	172,5045652	2,425	NAN	
666	82,09258145	172,5045652	2,425	NAN	
667	82,09258145	172,5045652	2,425	NAN	
668	82,09258145	172,5045652	2,425	NAN	
669	81,99430662	172,7137537	2,42	NAN	
670	82,09258145	172,5045652	2,42	NAN	
671	82,09258145	172,7137537	2,42	NAN	
672,013	81,99430662	172,7137537	2,42	NAN	
673,01	82,09258145	172,5045652	2,42	NAN	
674	81,99430662	172,7137537	2,42	NAN	
675	81,99430662	172,5045652	2,42	NAN	
676	82,09258145	172,7137537	2,42	NAN	
677	81,99430662	172,5045652	2,42	NAN	
678	81,89603242	172,7137537	2,42	NAN	
679,014	81,89603242	172,7137537	2,42	NAN	
680	81,89603242	172,7137537	2,42	NAN	
681	81,79775886	172,5045652	2,42	NAN	
682	81,79775886	172,7137537	2,42	NAN	
683	81,79775886	172,5045652	2,42	NAN	
684	81,79775886	172,7137537	2,42	NAN	
685	81,89603242	172,7137537	2,415	NAN	
686	81,89603242	172,5045652	2,415	NAN	
687	81,89603242	172,7137537	2,415	NAN	
688	81,79775886	172,7137537	2,415	NAN	
689,006	81,79775886	172,7137537	2,415	NAN	
690,004	81,6994859	172,5045652	2,415	NAN	
691	81,85317824	172,5045652	2,415	NAN	
692	81,75490494	172,7137537	2,415	NAN	
693	81,75490494	172,5045652	2,41	NAN	
694	81,6994859	172,5045652	2,41	NAN	
695	81,75490494	172,7137537	2,41	NAN	
696	81,75490494	172,7137537	2,405	NAN	
697	81,65663224	172,7137537	2,405	NAN	
698	81,55836012	172,7137537	2,405	NAN	
699	81,46008856	172,5045652	2,4	NAN	
700	81,46008856	172,5045652	2,4	NAN	
701	81,36181753	172,7137537	2,4	NAN	
702	81,46008856	172,7137537	2,395	NAN	
703	81,46008856	172,5045652	2,395	NAN	
704	81,55836012	172,5045652	2,395	NAN	
705,008	81,46008856	172,7137537	2,39	NAN	
706,001	81,36181753	172,7137537	2,39	NAN	
707	81,30639974	172,7137537	2,385	NAN	
708	81,46008856	172,5045652	2,385	NAN	
709	81,36181753	172,5045652	2,385	NAN	
710	81,36181753	172,7137537	2,385	NAN	
711	81,30639974	172,7137537	2,385	NAN	
712	81,30639974	172,7137537	2,39	NAN	
713	81,26354703	172,7137537	2,38	NAN	
714,01	81,36181753	172,7137537	2,38	NAN	
715	81,36181753	172,7137537	2,38	NAN	
716	81,46008856	172,7137537	2,38	NAN	
717	81,46008856	172,7137537	2,38	NAN	
718	81,36181753	172,5045652	2,375	NAN	
719	81,36181753	172,5045652	2,375	NAN	
720	81,46008856	172,7137537	2,375	NAN	
721	81,46008856	172,7137537	2,375	NAN	
722	81,55836012	172,7137537	2,375	NAN	
723,004	81,46008856	172,5045652	2,37	NAN	
724	81,46008856	172,7137537	2,37	NAN	
725	81,36181753	172,7137537	2,375	NAN	
726	81,36181753	172,7137537	2,375	NAN	
727	81,36181753	172,7137537	2,375	NAN	
728	81,36181753	172,5045652	2,375	NAN	
729,012	81,36181753	172,7137537	2,375	NAN	
730	81,36181753	172,7137537	2,375	NAN	
731	81,46008856	172,7137537	2,375	NAN	
732	81,36181753	172,7137537	2,38	NAN	
733	81,36181753	172,7137537	2,38	NAN	
734	81,26354703	172,5045652	2,375	NAN	
735,014	81,26354703	172,5045652	2,375	NAN	
736	81,16527703	172,5045652	2,38	NAN	
737	81,16527703	172,7137537	2,375	NAN	
738	81,06700752	172,7137537	2,375	NAN	
739	81,06700752	172,7137537	2,375	NAN	
740	80,96873847	172,7137537	2,375	NAN	
741	80,87046986	172,5045652	2,375	NAN	
742,014	80,87046986	172,7137537	2,37	NAN	
743	80,82756404	172,7137537	2,37	NAN	
744	80,82756404	172,7137537	2,37	NAN	
745	80,77220167	172,7137537	2,365	NAN	
746	80,77220167	172,7137537	2,365	NAN	
747	80,6739339	172,5045652	2,365	NAN	
748	80,6739339	172,5045652	2,365	NAN	
749,013	80,6739339	172,7137537	2,36	NAN	
750	80,47739948	172,5045652	2,36	NAN	
751	80,47739948	172,5045652	2,36	NAN	
752	80,47739948	172,7137537	2,36	NAN	
753	80,28086645	172,5045652	2,355	NAN	
754	80,43449433	172,7137537	2,36	NAN	
755,003	80,47739948	172,5045652	2,36	NAN	
756	81,06700752	172,7137537	2,355	NAN	
757	80,96873847	172,5045652	2,355	NAN	
758	80,92583246	172,5045652	2,36	NAN	
759	81,02410132	172,7137537	2,365	NAN	
760	80,92583246	172,5045652	2,365	NAN	
761,002	80,87046986	172,5045652	2,365	NAN	
762	80,96873847	172,7137537	2,365	NAN	
763	81,16527703	172,7137537	2,365	NAN	
764	81,16527703	172,5045652	2,365	NAN	
765	81,22064042	172,5045652	2,37	NAN	
766,015	81,12237063	172,5045652	2,37	NAN	
767	81,12237063	172,5045652	2,37	NAN	
768	81,06700752	172,7137537	2,37	NAN	
769	81,06700752	172,5045652	2,37	NAN	
770	80,96873847	172,5045652	2,37	NAN	
771	81,02410132	172,5045652	2,37	NAN	
772,015	80,92583246	172,5045652	2,37	NAN	
773,002	80,92583246	172,5045652	2,37	NAN	
774	81,02410132	172,7137537	2,365	NAN	
775	81,02410132	172,7137537	2,365	NAN	
776	80,92583246	172,7137537	2,37	NAN	
777	80,92583246	172,7137537	2,365	NAN	
778,013	80,82756404	172,5045652	2,365	NAN	
779	80,92583246	172,5045652	2,365	NAN	
780	80,82756404	172,7137537	2,36	NAN	
781	80,82756404	172,5045652	2,36	NAN	
782	80,82756404	172,7137537	2,36	NAN	
783	80,72929604	172,5045652	2,355	NAN	
784	80,82756404	172,5045652	2,355	NAN	
785	80,6739339	172,5045652	2,35	NAN	
786	80,5756665	172,7137537	2,35	NAN	
787	80,72929604	172,5045652	2,35	NAN	
788,015	80,5327612	172,7137537	2,345	NAN	
789	80,63102843	172,7137537	2,345	NAN	
790	80,63102843	172,7137537	2,34	NAN	
791	80,72929604	172,7137537	2,34	NAN	
792	80,72929604	172,7137537	2,34	NAN	
793	80,63102843	172,5045652	2,34	NAN	
794	80,72929604	172,5045652	2,345	NAN	
795	80,63102843	172,5045652	2,345	NAN	
796	80,63102843	172,7137537	2,345	NAN	
797	80,63102843	172,7137537	2,345	NAN	
798	80,5327612	172,7137537	2,345	NAN	
799	80,63102843	172,5045652	2,345	NAN	
800	80,5327612	172,7137537	2,345	NAN	
801	80,5327612	172,7137537	2,345	NAN	
802	80,43449433	172,7137537	2,345	NAN	
803	80,5327612	172,7137537	2,34	NAN	
804,015	80,3362278	172,7137537	2,34	NAN	
805	80,5327612	172,5045652	2,34	NAN	
806	80,43449433	172,7137537	2,34	NAN	
807	80,43449433	172,5045652	2,34	NAN	
808	80,5327612	172,7137537	2,34	NAN	
809	80,5327612	172,7137537	2,34	NAN	
810	80,43449433	172,7137537	2,34	NAN	
811,013	80,63102843	172,5045652	2,34	NAN	
812	80,43449433	172,7137537	2,34	NAN	
813	80,43449433	172,7137537	2,34	NAN	
814	80,43449433	172,7137537	2,34	NAN	
815	80,43449433	172,7137537	2,34	NAN	
816	80,5327612	172,5045652	2,34	NAN	
817	80,43449433	172,7137537	2,34	NAN	
818	80,3362278	172,7137537	2,34	NAN	
819	80,3362278	172,7137537	2,34	NAN	
820	80,3362278	172,5045652	2,34	NAN	
821	80,3362278	172,7137537	2,34	NAN	
822	80,3362278	172,7137537	2,34	NAN	
823	80,3362278	172,7137537	2,34	NAN	
824	80,3362278	172,7137537	2,34	NAN	
825	80,3362278	172,5045652	2,34	NAN	
826	80,23796159	172,7137537	2,34	NAN	
827	80,23796159	172,5045652	2,34	NAN	
828	80,23796159	172,7137537	2,34	NAN	
829	80,23796159	172,7137537	2,34	NAN	
830	80,5327612	172,7137537	2,34	NAN	
831	80,23796159	172,7137537	2,335	NAN	
832	80,13969568	172,5045652	2,335	NAN	
833	80,13969568	172,5045652	2,34	NAN	
834	80,13969568	172,7137537	2,335	NAN	
835,015	80,13969568	172,7137537	2,335	NAN	
836,016	80,13969568	172,5045652	2,335	NAN	
837	79,94316468	172,7137537	2,335	NAN	
838	80,04143005	172,7137537	2,335	NAN	
839	80,04143005	172,7137537	2,33	NAN	
840	80,04143005	172,5045652	2,33	NAN	
841	79,94316468	172,7137537	2,325	NAN	
842	80,04143005	172,5045652	2,325	NAN	
843	80,04143005	172,7137537	2,325	NAN	
844	79,94316468	172,7137537	2,32	NAN	
845	79,84489956	172,7137537	2,32	NAN	
846	79,94316468	172,7137537	2,315	NAN	
847	79,94316468	172,5045652	2,315	NAN	
848,01	79,94316468	172,7137537	2,315	NAN	
849	79,84489956	172,7137537	2,31	NAN	
850	79,84489956	172,5045652	2,31	NAN	
851	79,84489956	172,5045652	2,31	NAN	
852,01	79,84489956	172,7137537	2,305	NAN	
853	79,74663466	172,7137537	2,305	NAN	
854	79,84489956	172,5045652	2,305	NAN	
855	79,74663466	172,7137537	2,3	NAN	
856	79,64836996	172,7137537	2,295	NAN	
857	79,64836996	172,7137537	2,295	NAN	
858	79,25531284	172,7137537	2,295	NAN	
859	79,35357691	172,7137537	2,295	NAN	
860,002	79,058785	172,5045652	2,29	NAN	
861	79,25531284	172,7137537	2,29	NAN	
862	79,74663466	172,7137537	2,295	NAN	
863	79,94316468	172,7137537	2,295	NAN	
864	79,84489956	172,7137537	2,3	NAN	
865	79,84489956	172,7137537	2,305	NAN	
866	79,84489956	172,7137537	2,305	NAN	
867,015	79,94316468	172,7137537	2,31	NAN	
868,002	79,84489956	172,5045652	2,31	NAN	
869	79,84489956	172,7137537	2,315	NAN	
870	79,74663466	172,5045652	2,315	NAN	
871	79,84489956	172,5045652	2,315	NAN	
872	79,84489956	172,7137537	2,315	NAN	
873	79,74663466	172,5045652	2,315	NAN	
874	79,74663466	172,7137537	2,31	NAN	
875	79,84489956	172,7137537	2,31	NAN	
876	79,84489956	172,5045652	2,315	NAN	
877,006	79,74663466	172,7137537	2,31	NAN	
878	79,84489956	172,5045652	2,31	NAN	
879	79,74663466	172,7137537	2,31	NAN	
880	79,64836996	172,5045652	2,31	NAN	
881	79,55010545	172,5045652	2,31	NAN	
882	79,45184111	172,7137537	2,305	NAN	
883	79,35357691	172,7137537	2,305	NAN	
884	79,35357691	172,5045652	2,305	NAN	
885	79,45184111	172,7137537	2,305	NAN	
886	79,55010545	172,5045652	2,3	NAN	
887	79,45184111	172,5045652	2,3	NAN	
888	79,45184111	172,5045652	2,295	NAN	
889,011	79,35357691	172,5045652	2,295	NAN	
890,001	79,35357691	172,7137537	2,295	NAN	
891	79,25531284	172,7137537	2,29	NAN	
892	79,15704888	172,7137537	2,29	NAN	
893	79,15704888	172,7137537	2,285	NAN	
894	79,35357691	172,7137537	2,285	NAN	
895,012	79,25531284	172,5045652	2,285	NAN	
896	79,45184111	172,7137537	2,28	NAN	
897	79,55010545	172,7137537	2,28	NAN	
898	79,55010545	172,5045652	2,28	NAN	
899	79,55010545	172,7137537	2,28	NAN	
900	79,55010545	172,7137537	2,285	NAN	
901	79,55010545	172,7137537	2,285	NAN	
902	79,55010545	172,7137537	2,285	NAN	
903	79,45184111	172,7137537	2,29	NAN	
904	79,45184111	172,7137537	2,295	NAN	
905,011	79,45184111	172,7137537	2,295	NAN	
906	79,45184111	172,5045652	2,295	NAN	
907	79,45184111	172,7137537	2,295	NAN	
908	79,35357691	172,7137537	2,3	NAN	
909	79,35357691	172,7137537	2,295	NAN	
910	79,29821679	172,7137537	2,3	NAN	
911	79,35357691	172,5045652	2,3	NAN	
912	79,35357691	172,5045652	2,295	NAN	
913	79,35357691	172,5045652	2,295	NAN	
914,013	79,25531284	172,7137537	2,3	NAN	
915	79,15704888	172,7137537	2,3	NAN	
916	79,35357691	172,7137537	2,295	NAN	
917	79,25531284	172,7137537	2,295	NAN	
918	79,19995279	172,5045652	2,295	NAN	
919,013	79,25531284	172,7137537	2,295	NAN	
920	79,29821679	172,7137537	2,295	NAN	
921	79,25531284	172,7137537	2,29	NAN	
922	79,25531284	172,5045652	2,295	NAN	
923	79,25531284	172,7137537	2,285	NAN	
924	79,25531284	172,7137537	2,285	NAN	
925	79,25531284	172,5045652	2,285	NAN	
926	79,25531284	172,5045652	2,28	NAN	
927,014	79,15704888	172,7137537	2,28	NAN	
928	79,25531284	172,5045652	2,285	NAN	
929	79,15704888	172,7137537	2,28	NAN	
930	79,00342504	172,7137537	2,285	NAN	
931	79,058785	172,7137537	2,28	NAN	
932	79,058785	172,7137537	2,285	NAN	
933	79,058785	172,5045652	2,28	NAN	
934,009	79,058785	172,7137537	2,28	NAN	
935,001	78,9605212	172,7137537	2,28	NAN	
936	78,9605212	172,5045652	2,28	NAN	
937	78,86225744	172,5045652	2,28	NAN	
938	78,86225744	172,5045652	2,275	NAN	
939	78,86225744	172,5045652	2,27	NAN	
940	78,86225744	172,5045652	2,27	NAN	
941,014	78,86225744	172,5045652	2,27	NAN	
942,002	78,86225744	172,7137537	2,265	NAN	
943	78,76399372	172,7137537	2,26	NAN	
944	78,66573001	172,7137537	2,26	NAN	
945	78,56746629	172,5045652	2,26	NAN	
946	78,56746629	172,7137537	2,26	NAN	
947	78,46920254	172,5045652	2,255	NAN	
948,006	78,46920254	172,5045652	2,255	NAN	
949	78,27267489	172,5045652	2,255	NAN	
950	78,27267489	172,7137537	2,255	NAN	
951	78,21731487	172,7137537	2,25	NAN	
952	78,37093875	172,7137537	2,245	NAN	
953,015	78,66573001	172,7137537	2,245	NAN	
954,001	78,86225744	172,5045652	2,245	NAN	
955	78,76399372	172,7137537	2,24	NAN	
956	78,66573001	172,7137537	2,245	NAN	
957	78,66573001	172,5045652	2,245	NAN	
958	78,76399372	172,5045652	2,245	NAN	
959	78,76399372	172,7137537	2,24	NAN	
960	78,86225744	172,7137537	2,24	NAN	
961	78,66573001	172,5045652	2,24	NAN	
962	78,66573001	172,7137537	2,24	NAN	
963	78,61037011	172,7137537	2,24	NAN	
964	78,66573001	172,5045652	2,24	NAN	
965	78,46920254	172,5045652	2,24	NAN	
966,011	78,56746629	172,5045652	2,235	NAN	
967	78,46920254	172,7137537	2,24	NAN	
968	78,46920254	172,7137537	2,24	NAN	
969	78,37093875	172,7137537	2,24	NAN	
970	78,46920254	172,7137537	2,24	NAN	
971	78,51210637	172,5045652	2,245	NAN	
972	78,56746629	172,5045652	2,245	NAN	
973,001	78,56746629	172,7137537	2,25	NAN	
974	78,56746629	172,5045652	2,25	NAN	
975	78,46920254	172,7137537	2,255	NAN	
976	78,46920254	172,5045652	2,255	NAN	
977	78,46920254	172,5045652	2,255	NAN	
978,011	78,66573001	172,7137537	2,255	NAN	
979	78,56746629	172,7137537	2,255	NAN	
980	78,46920254	172,5045652	2,255	NAN	
981	78,46920254	172,7137537	2,255	NAN	
982	78,46920254	172,5045652	2,255	NAN	
983	78,37093875	172,7137537	2,255	NAN	
984	78,46920254	172,7137537	2,255	NAN	
985	78,37093875	172,5045652	2,25	NAN	
986	78,27267489	172,7137537	2,25	NAN	
987	78,37093875	172,7137537	2,25	NAN	
988,014	78,46920254	172,5045652	2,245	NAN	
989	78,37093875	172,7137537	2,245	NAN	
990	78,56746629	172,7137537	2,245	NAN	
991	78,37093875	172,7137537	2,245	NAN	
992	78,46920254	172,7137537	2,245	NAN	
993	78,37093875	172,7137537	2,245	NAN	
994	78,46920254	172,7137537	2,25	NAN	
995,011	78,46920254	172,5045652	2,25	NAN	
996	78,27267489	172,5045652	2,25	NAN	
997	78,37093875	172,5045652	2,25	NAN	
998	78,46920254	172,5045652	2,245	NAN	
999,012	78,37093875	172,7137537	2,25	NAN	
1000,209	78,27267489	172,7137537	2,245	NAN	
1001,236	78,27267489	172,7137537	2,245	NAN	
1002,256	78,17441095	172,5045652	2,245	NAN	
1003,282	78,27267489	172,7137537	2,245	NAN	
1004,34	78,27267489	172,5045652	2,245	NAN	
1005,005	78,17441095	172,7137537	2,24	NAN	
1006	78,0761469	172,7137537	2,24	NAN	
1007	78,0761469	172,5045652	2,24	NAN	
1008	78,0761469	172,5045652	2,24	NAN	
1009	78,0761469	172,7137537	2,24	NAN	
1010,013	78,0761469	172,7137537	2,235	NAN	
1011,004	77,87961841	172,7137537	2,235	NAN	
1012	77,87961841	172,7137537	2,235	NAN	
1013	77,78135394	172,7137537	2,23	NAN	
1014	77,87961841	172,5045652	2,23	NAN	
1015	78,17441095	172,7137537	2,225	NAN	
1016,013	78,27267489	172,7137537	2,23	NAN	
1017	78,27267489	172,5045652	2,225	NAN	
1018	78,17441095	172,7137537	2,225	NAN	
1019	78,17441095	172,7137537	2,225	NAN	
1020	78,17441095	172,5045652	2,225	NAN	
1021	78,17441095	172,7137537	2,23	NAN	
1022	78,17441095	172,5045652	2,23	NAN	
1023	78,17441095	172,7137537	2,235	NAN	
1024	78,0761469	172,5045652	2,23	NAN	
1025	78,0761469	172,7137537	2,235	NAN	
1026	78,17441095	172,7137537	2,235	NAN	
1027	78,17441095	172,5045652	2,235	NAN	
1028,006	78,0761469	172,5045652	2,235	NAN	
1029	78,0761469	172,7137537	2,235	NAN	
1030	78,0761469	172,7137537	2,235	NAN	
1031	78,0761469	172,5045652	2,235	NAN	
1032	77,97788273	172,7137537	2,235	NAN	
1033	77,97788273	172,7137537	2,235	NAN	
1034	77,97788273	172,7137537	2,235	NAN	
1035,01	77,97788273	172,7137537	2,235	NAN	
1036,001	77,87961841	172,5045652	2,23	NAN	
1037	77,78135394	172,5045652	2,23	NAN	
1038	77,78135394	172,5045652	2,23	NAN	
1039	77,83666068	172,7137537	2,225	NAN	
1040	78,13145339	172,7137537	2,225	NAN	
1041	77,97788273	172,7137537	2,225	NAN	
1042	77,87961841	172,5045652	2,22	NAN	
1043	77,87961841	172,7137537	2,22	NAN	
1044	77,87961841	172,7137537	2,22	NAN	
1045	77,78135394	172,7137537	2,22	NAN	
1046	77,78135394	172,7137537	2,22	NAN	
1047	77,87961841	172,7137537	2,22	NAN	
1048	77,83666068	172,7137537	2,22	NAN	
1049,01	77,87961841	172,7137537	2,215	NAN	
1050	77,73839613	172,7137537	2,215	NAN	
1051	77,68308928	172,5045652	2,215	NAN	
1052	77,73839613	172,7137537	2,21	NAN	
1053	77,73839613	172,7137537	2,21	NAN	
1054	77,68308928	172,7137537	2,21	NAN	
1055	77,58482443	172,5045652	2,205	NAN	
1056,007	77,58482443	172,7137537	2,21	NAN	
1057	77,38829403	172,7137537	2,205	NAN	
1058	77,44360126	172,5045652	2,205	NAN	
1059	77,29002846	172,5045652	2,2	NAN	
1060,013	77,29002846	172,7137537	2,2	NAN	
1061	77,24707014	172,7137537	2,195	NAN	
1062	77,14880416	172,7137537	2,195	NAN	
1063	76,99522999	172,5045652	2,195	NAN	
1064	77,05053787	172,7137537	2,19	NAN	
1065,01	77,14880416	172,5045652	2,19	NAN	
1066	76,89696319	172,7137537	2,19	NAN	
1067	76,89696319	172,5045652	2,19	NAN	
1068	76,89696319	172,5045652	2,19	NAN	
1069	76,89696319	172,7137537	2,19	NAN	
1070	77,05053787	172,5045652	2,185	NAN	
1071,015	77,54186644	172,7137537	2,185	NAN	
1072,003	77,54186644	172,7137537	2,19	NAN	
1073	77,64013139	172,7137537	2,19	NAN	
1074	77,54186644	172,7137537	2,19	NAN	
1075	77,64013139	172,5045652	2,195	NAN	
1076	77,58482443	172,7137537	2,2	NAN	
1077,012	77,64013139	172,5045652	2,205	NAN	
1078	77,48655935	172,7137537	2,205	NAN	
1079	77,54186644	172,5045652	2,205	NAN	
1080	77,54186644	172,5045652	2,205	NAN	
1081	77,54186644	172,7137537	2,205	NAN	
1082	77,44360126	172,7137537	2,2	NAN	
1083	77,34533583	172,7137537	2,205	NAN	
1084	77,34533583	172,5045652	2,2	NAN	
1085,005	77,38829403	172,5045652	2,205	NAN	
1086	77,34533583	172,7137537	2,2	NAN	
1087	77,09349646	172,7137537	2,195	NAN	
1088	77,14880416	172,7137537	2,195	NAN	
1089	77,14880416	172,5045652	2,195	NAN	
1090	77,14880416	172,7137537	2,19	NAN	
1091,011	77,24707014	172,7137537	2,19	NAN	
1092	77,14880416	172,7137537	2,185	NAN	
1093	76,99522999	172,5045652	2,185	NAN	
1094	77,09349646	172,5045652	2,185	NAN	
1095	77,14880416	172,5045652	2,185	NAN	
1096	77,14880416	172,5045652	2,185	NAN	
1097,016	77,05053787	172,7137537	2,185	NAN	
1098	77,05053787	172,7137537	2,185	NAN	
1099	76,89696319	172,7137537	2,185	NAN	
1100	76,755737	172,5045652	2,18	NAN	
1101	76,85400431	172,5045652	2,185	NAN	
1102	76,95227127	172,7137537	2,185	NAN	
1103	76,85400431	172,7137537	2,185	NAN	
1104,013	76,95227127	172,5045652	2,185	NAN	
1105	77,14880416	172,7137537	2,185	NAN	
1106	77,05053787	172,5045652	2,185	NAN	
1107	77,14880416	172,5045652	2,185	NAN	
1108	77,24707014	172,7137537	2,185	NAN	
1109	77,14880416	172,7137537	2,18	NAN	
1110	77,14880416	172,7137537	2,185	NAN	
1111	77,05053787	172,5045652	2,185	NAN	
1112	77,14880416	172,7137537	2,185	NAN	
1113	77,24707014	172,7137537	2,18	NAN	
1114	77,24707014	172,7137537	2,185	NAN	
1115	77,14880416	172,5045652	2,185	NAN	
1116	77,30232436	172,5045652	2,185	NAN	
1117	77,10579243	172,7137537	2,185	NAN	
1118	77,05053787	172,7137537	2,185	NAN	
1119,013	77,24707014	172,5045652	2,185	NAN	
1120	77,05053787	172,5045652	2,18	NAN	
1121	76,95227127	172,7137537	2,185	NAN	
1122	76,95227127	172,7137537	2,18	NAN	
1123	77,05053787	172,5045652	2,185	NAN	
1124	77,14880416	172,5045652	2,18	NAN	
1125	77,05053787	172,7137537	2,18	NAN	
1126	76,95227127	172,5045652	2,185	NAN	
1127	77,05053787	172,7137537	2,18	NAN	
1128,006	77,14880416	172,5045652	2,18	NAN	
1129	77,05053787	172,7137537	2,185	NAN	
1130	77,05053787	172,7137537	2,18	NAN	
1131	77,05053787	172,5045652	2,18	NAN	
1132	77,10579243	172,7137537	2,18	NAN	
1133	76,95227127	172,5045652	2,18	NAN	
1134	76,95227127	172,5045652	2,18	NAN	
1135,013	76,95227127	172,7137537	2,18	NAN	
1136	76,85400431	172,5045652	2,18	NAN	
1137	76,95227127	172,7137537	2,18	NAN	
1138	76,90925925	172,5045652	2,18	NAN	
1139	76,85400431	172,5045652	2,18	NAN	
1140	76,85400431	172,5045652	2,18	NAN	
1141	76,755737	172,5045652	2,175	NAN	
1142,008	76,81099214	172,7137537	2,175	NAN	
1143,01	76,6574693	172,7137537	2,17	NAN	
1144,016	76,61445679	172,7137537	2,17	NAN	
1145	76,46093268	172,7137537	2,165	NAN	
1146,016	76,46093268	172,7137537	2,165	NAN	
1147,023	76,41791979	172,7137537	2,165	NAN	
1148,005	76,41791979	172,5045652	2,165	NAN	
1149,008	76,51618851	172,7137537	2,16	NAN	
1150,007	76,46093268	172,5045652	2,16	NAN	
1151	76,5592012	172,7137537	2,155	NAN	
1152	76,46093268	172,5045652	2,155	NAN	
1153	76,71272466	172,7137537	2,155	NAN	
1154	76,71272466	172,7137537	2,155	NAN	
1155,008	76,71272466	172,5045652	2,15	NAN	
1156,02	76,61445679	172,7137537	2,15	NAN	
1157,01	76,61445679	172,7137537	2,15	NAN	
1158	76,51618851	172,7137537	2,145	NAN	
1159	76,51618851	172,5045652	2,145	NAN	
1160	76,51618851	172,5045652	2,145	NAN	
1161	76,41791979	172,5045652	2,145	NAN	
1162,008	76,31965063	172,7137537	2,145	NAN	
1163,011	76,12311089	172,5045652	2,145	NAN	
1164	75,92656912	172,7137537	2,145	NAN	
1165,014	75,96958308	172,7137537	2,145	NAN	
1166	75,73002517	172,5045652	2,14	NAN	
1167	75,73002517	172,7137537	2,145	NAN	
1168	75,73002517	172,5045652	2,14	NAN	
1169	75,73002517	172,7137537	2,14	NAN	
1170	75,73002517	172,7137537	2,14	NAN	
1171	75,63175233	172,7137537	2,14	NAN	
1172,015	75,63175233	172,5045652	2,14	NAN	
1173	75,53347889	172,5045652	2,135	NAN	
1174	75,53347889	172,7137537	2,14	NAN	
1175	75,73002517	172,7137537	2,14	NAN	
1176	75,82829743	172,5045652	2,135	NAN	
1177	75,82829743	172,7137537	2,135	NAN	
1178,004	76,02484027	172,7137537	2,14	NAN	
1179	75,96958308	172,5045652	2,14	NAN	
1180	76,22138101	172,7137537	2,14	NAN	
1181	76,31965063	172,7137537	2,14	NAN	
1182	76,41791979	172,5045652	2,14	NAN	
1183,011	76,41791979	172,7137537	2,145	NAN	
1184	76,41791979	172,7137537	2,145	NAN	
1185	76,41791979	172,7137537	2,14	NAN	
1186	76,41791979	172,7137537	2,145	NAN	
1187	76,41791979	172,7137537	2,145	NAN	
1188,013	76,36266372	172,7137537	2,14	NAN	
1189	76,41791979	172,7137537	2,14	NAN	
1190	76,51618851	172,7137537	2,14	NAN	
1191	76,51618851	172,7137537	2,14	NAN	
1192	76,41791979	172,5045652	2,135	NAN	
1193,001	76,51618851	172,7137537	2,135	NAN	
1194	76,41791979	172,7137537	2,135	NAN	
1195	76,41791979	172,5045652	2,14	NAN	
1196	76,41791979	172,7137537	2,14	NAN	
1197	76,41791979	172,7137537	2,14	NAN	
1198,015	76,41791979	172,5045652	2,14	NAN	
1199,007	76,41791979	172,7137537	2,14	NAN	
1200	76,41791979	172,7137537	2,14	NAN	
1201	76,41791979	172,7137537	2,14	NAN	
1202	76,31965063	172,7137537	2,14	NAN	
1203	76,41791979	172,7137537	2,145	NAN	
1204	76,36266372	172,7137537	2,145	NAN	
1205	76,31965063	172,7137537	2,145	NAN	
1206,005	76,31965063	172,5045652	2,145	NAN	
1207	76,31965063	172,7137537	2,145	NAN	
1208	76,2643943	172,5045652	2,145	NAN	
1209	76,31965063	172,7137537	2,145	NAN	
1210	76,31965063	172,7137537	2,145	NAN	
1211	76,31965063	172,7137537	2,145	NAN	
1212	76,22138101	172,7137537	2,145	NAN	
1213	76,31965063	172,7137537	2,145	NAN	
1214	76,22138101	172,7137537	2,14	NAN	
1215	76,31965063	172,7137537	2,14	NAN	
1216	76,22138101	172,7137537	2,14	NAN	
1217	76,22138101	172,7137537	2,14	NAN	
1218,015	76,12311089	172,5045652	2,14	NAN	
1219	76,22138101	172,7137537	2,14	NAN	
1220	76,1661244	172,7137537	2,14	NAN	
1221	76,02484027	172,7137537	2,135	NAN	
1222	76,12311089	172,7137537	2,135	NAN	
1223,007	76,12311089	172,7137537	2,135	NAN	
1224	76,22138101	172,5045652	2,14	NAN	
1225	76,12311089	172,5045652	2,135	NAN	
1226	76,02484027	172,7137537	2,135	NAN	
1227	76,067854	172,7137537	2,135	NAN	
1228,009	75,82829743	172,7137537	2,135	NAN	
1229	75,92656912	172,5045652	2,135	NAN	
1230	75,92656912	172,5045652	2,135	NAN	
1231	75,92656912	172,5045652	2,135	NAN	
1232	75,82829743	172,7137537	2,13	NAN	
1233	75,77303963	172,5045652	2,13	NAN	
1234	75,82829743	172,5045652	2,13	NAN	
1235	75,73002517	172,5045652	2,13	NAN	
1236,01	75,63175233	172,7137537	2,125	NAN	
1237	75,82829743	172,7137537	2,12	NAN	
1238	75,82829743	172,5045652	2,12	NAN	
1239	75,73002517	172,5045652	2,12	NAN	
1240,009	75,47822008	172,7137537	2,115	NAN	
1241,001	75,47822008	172,7137537	2,12	NAN	
1242	75,43520483	172,7137537	2,115	NAN	
1243	75,43520483	172,7137537	2,115	NAN	
1244	75,63175233	172,7137537	2,11	NAN	
1245,002	75,43520483	172,5045652	2,11	NAN	
1246	75,28167058	172,5045652	2,11	NAN	
1247	75,33693012	172,7137537	2,105	NAN	
1248	75,33693012	172,7137537	2,105	NAN	
1249	75,33693012	172,5045652	2,105	NAN	
1250	75,63175233	172,5045652	2,105	NAN	
1251	75,77303963	172,7137537	2,1	NAN	
1252	75,92656912	172,5045652	2,1	NAN	
1253,005	75,92656912	172,7137537	2,1	NAN	
1254	75,92656912	172,7137537	2,1	NAN	
1255	75,73002517	172,5045652	2,1	NAN	
1256	75,82829743	172,7137537	2,1	NAN	
1257	75,73002517	172,7137537	2,1	NAN	
1258,015	75,63175233	172,7137537	2,1	NAN	
1259	75,63175233	172,5045652	2,1	NAN	
1260	75,63175233	172,7137537	2,095	NAN	
1261	75,53347889	172,7137537	2,1	NAN	
1262	75,43520483	172,7137537	2,1	NAN	
1263,016	75,23865475	172,7137537	2,095	NAN	
1264,001	75,28167058	172,7137537	2,095	NAN	
1265	75,33693012	172,5045652	2,095	NAN	
1266	75,23865475	172,7137537	2,095	NAN	
1267	75,23865475	172,7137537	2,095	NAN	
1268	75,23865475	172,5045652	2,095	NAN	
1269	75,23865475	172,7137537	2,095	NAN	
1270,011	75,1403787	172,7137537	2,095	NAN	
1271	75,43520483	172,7137537	2,095	NAN	
1272	75,43520483	172,5045652	2,095	NAN	
1273	75,43520483	172,7137537	2,095	NAN	
1274	75,53347889	172,7137537	2,095	NAN	
1275	75,53347889	172,5045652	2,095	NAN	
1276	75,63175233	172,7137537	2,09	NAN	
1277,007	75,63175233	172,5045652	2,09	NAN	
1278	75,53347889	172,5045652	2,09	NAN	
1279	75,53347889	172,7137537	2,09	NAN	
1280	75,43520483	172,5045652	2,09	NAN	
1281	75,43520483	172,7137537	2,09	NAN	
1282,013	75,33693012	172,7137537	2,09	NAN	
1283	75,43520483	172,7137537	2,085	NAN	
1284	75,33693012	172,5045652	2,09	NAN	
1285	75,33693012	172,7137537	2,09	NAN	
1286	75,33693012	172,5045652	2,09	NAN	
1287	75,43520483	172,7137537	2,085	NAN	
1288	75,33693012	172,5045652	2,085	NAN	
1289	75,23865475	172,7137537	2,085	NAN	
1290	75,23865475	172,7137537	2,085	NAN	
1291	75,1403787	172,5045652	2,085	NAN	
1292	75,23865475	172,5045652	2,085	NAN	
1293	75,23865475	172,7137537	2,085	NAN	
1294	75,1403787	172,7137537	2,08	NAN	
1295	75,1403787	172,5045652	2,08	NAN	
1296,001	75,1403787	172,7137537	2,08	NAN	
1297	75,04210196	172,7137537	2,08	NAN	
1298	74,94382449	172,7137537	2,08	NAN	
1299	74,74726733	172,5045652	2,08	NAN	
1300,016	74,84554629	172,7137537	2,08	NAN	
1301	75,04210196	172,7137537	2,08	NAN	
1302	75,1403787	172,7137537	2,08	NAN	
1303	75,23865475	172,7137537	2,08	NAN	
1304	75,23865475	172,7137537	2,075	NAN	
1305	75,23865475	172,5045652	2,075	NAN	
1306	75,23865475	172,7137537	2,075	NAN	
1307,009	75,1403787	172,7137537	2,075	NAN	
1308	75,1403787	172,7137537	2,075	NAN	
1309	75,1403787	172,5045652	2,07	NAN	
1310	75,1403787	172,5045652	2,075	NAN	
1311	75,1403787	172,7137537	2,07	NAN	
1312	74,94382449	172,7137537	2,075	NAN	
1313,002	74,74726733	172,7137537	2,07	NAN	
1314	74,64898759	172,7137537	2,07	NAN	
1315	74,55070706	172,7137537	2,07	NAN	
1316	74,55070706	172,7137537	2,07	NAN	
1317	74,64898759	172,7137537	2,07	NAN	
1318	74,74726733	172,5045652	2,065	NAN	
1319	74,55070706	172,5045652	2,065	NAN	
1320,006	74,25586049	172,7137537	2,065	NAN	
1321	74,35414353	172,7137537	2,065	NAN	
1322	74,25586049	172,7137537	2,065	NAN	
1323	74,25586049	172,7137537	2,065	NAN	
1324	74,05929179	172,5045652	2,065	NAN	
1325,005	74,15757659	172,7137537	2,065	NAN	
1326	74,05929179	172,7137537	2,065	NAN	
1327	74,25586049	172,7137537	2,06	NAN	
1328	74,55070706	172,7137537	2,06	NAN	
1329	74,94382449	172,7137537	2,06	NAN	
1330,004	74,94382449	172,7137537	2,06	NAN	
1331	75,1403787	172,5045652	2,06	NAN	
1332	75,1403787	172,5045652	2,065	NAN	
1333	75,1403787	172,5045652	2,065	NAN	
1334	75,1403787	172,7137537	2,065	NAN	
1335	74,99903255	172,5045652	2,07	NAN	
1336	74,99903255	172,5045652	2,07	NAN	
1337,008	74,80247623	172,5045652	2,075	NAN	
1338,001	74,84554629	172,7137537	2,075	NAN	
1339	74,84554629	172,7137537	2,075	NAN	
1340	74,94382449	172,7137537	2,075	NAN	
1341	74,84554629	172,5045652	2,075	NAN	
1342,01	74,70419693	172,5045652	2,075	NAN	
1343	74,74726733	172,7137537	2,07	NAN	
1344	74,80247623	172,5045652	2,07	NAN	
1345	74,84554629	172,7137537	2,07	NAN	
1346	74,80247623	172,7137537	2,07	NAN	
1347,014	74,80247623	172,7137537	2,065	NAN	
1348,001	74,80247623	172,5045652	2,065	NAN	
1349	74,80247623	172,5045652	2,065	NAN	
1350	74,80247623	172,7137537	2,06	NAN	
1351	74,70419693	172,5045652	2,06	NAN	
1352	74,50763596	172,5045652	2,06	NAN	
1353	74,50763596	172,7137537	2,06	NAN	
1354,01	74,3110717	172,7137537	2,055	NAN	
1355	74,50763596	172,7137537	2,055	NAN	
1356	74,15757659	172,5045652	2,055	NAN	
1357	74,21278828	172,7137537	2,055	NAN	
1358	74,15757659	172,7137537	2,055	NAN	
1359	74,3110717	172,5045652	2,055	NAN	
1360	74,11450398	172,7137537	2,055	NAN	
1361	74,01621879	172,7137537	2,05	NAN	
1362	74,01621879	172,7137537	2,05	NAN	
1363	73,91793267	172,7137537	2,05	NAN	
1364	73,91793267	172,5045652	2,05	NAN	
1365	74,01621879	172,7137537	2,05	NAN	
1366	74,01621879	172,7137537	2,045	NAN	
1367	74,01621879	172,7137537	2,045	NAN	
1368	74,11450398	172,7137537	2,045	NAN	
1369	74,11450398	172,7137537	2,045	NAN	
1370,009	74,01621879	172,7137537	2,045	NAN	
1371	74,11450398	172,7137537	2,045	NAN	
1372	73,91793267	172,5045652	2,04	NAN	
1373	73,76443184	172,7137537	2,04	NAN	
1374	74,01621879	172,7137537	2,045	NAN	
1375	74,70419693	172,5045652	2,045	NAN	
1376	74,70419693	172,7137537	2,05	NAN	
1377	74,70419693	172,5045652	2,055	NAN	
1378	74,70419693	172,7137537	2,055	NAN	
1379	74,70419693	172,7137537	2,055	NAN	
1380,014	74,70419693	172,7137537	2,06	NAN	
1381,001	74,70419693	172,5045652	2,06	NAN	
1382	74,70419693	172,7137537	2,06	NAN	
1383	74,70419693	172,5045652	2,065	NAN	
1384	74,60591685	172,7137537	2,065	NAN	
1385	74,60591685	172,5045652	2,065	NAN	
1386	74,60591685	172,5045652	2,065	NAN	
1387	74,50763596	172,7137537	2,065	NAN	
1388,015	74,40935425	172,5045652	2,065	NAN	
1389	74,40935425	172,7137537	2,065	NAN	
1390	74,40935425	172,7137537	2,06	NAN	
1391	74,3110717	172,7137537	2,06	NAN	
1392	74,40935425	172,5045652	2,06	NAN	
1393,01	74,3110717	172,5045652	2,06	NAN	
1394	74,3110717	172,7137537	2,06	NAN	
1395	74,40935425	172,5045652	2,055	NAN	
1396	74,46451225	172,7137537	2,055	NAN	
1397	74,46451225	172,5045652	2,055	NAN	
1398	74,40935425	172,7137537	2,05	NAN	
1399	74,3110717	172,7137537	2,045	NAN	
1400	74,36623018	172,7137537	2,05	NAN	
1401,001	74,36623018	172,7137537	2,05	NAN	
1402	74,36623018	172,5045652	2,045	NAN	
1403	74,3110717	172,7137537	2,045	NAN	
1404	74,36623018	172,7137537	2,05	NAN	
1405	74,46451225	172,7137537	2,045	NAN	
1406	74,3110717	172,7137537	2,05	NAN	
1407	74,3110717	172,7137537	2,045	NAN	
1408	74,40935425	172,7137537	2,05	NAN	
1409	74,36623018	172,7137537	2,045	NAN	
1410,007	74,50763596	172,5045652	2,045	NAN	
1411	74,40935425	172,7137537	2,05	NAN	
1412	74,36623018	172,5045652	2,05	NAN	
1413	74,36623018	172,7137537	2,05	NAN	
1414	74,36623018	172,7137537	2,05	NAN	
1415	74,36623018	172,7137537	2,05	NAN	
1416	74,36623018	172,7137537	2,05	NAN	
1417	74,36623018	172,7137537	2,055	NAN	
1418	74,46451225	172,5045652	2,05	NAN	
1419	74,36623018	172,7137537	2,055	NAN	
1420	74,26794725	172,5045652	2,05	NAN	
1421,006	74,26794725	172,7137537	2,05	NAN	
1422	74,16966345	172,7137537	2,05	NAN	
1423	74,26794725	172,7137537	2,05	NAN	
1424	74,21278828	172,5045652	2,05	NAN	
1425	74,16966345	172,5045652	2,045	NAN	
1426	74,26794725	172,5045652	2,045	NAN	
1427,015	74,16966345	172,7137537	2,045	NAN	
1428	74,26794725	172,7137537	2,045	NAN	
1429	74,26794725	172,7137537	2,045	NAN	
1430	74,26794725	172,7137537	2,045	NAN	
1431	74,26794725	172,5045652	2,045	NAN	
1432	74,26794725	172,7137537	2,045	NAN	
1433,01	74,16966345	172,7137537	2,045	NAN	
1434	74,16966345	172,5045652	2,045	NAN	
1435	74,11450398	172,7137537	2,045	NAN	
1436	74,16966345	172,7137537	2,045	NAN	
1437	74,26794725	172,5045652	2,04	NAN	
1438	74,11450398	172,5045652	2,04	NAN	
1439,004	74,07137876	172,5045652	2,04	NAN	
1440	74,07137876	172,7137537	2,04	NAN	
1441	74,07137876	172,7137537	2,04	NAN	
1442	74,07137876	172,5045652	2,04	NAN	
1443	74,07137876	172,7137537	2,035	NAN	
1444	73,97309316	172,7137537	2,035	NAN	
1445	73,97309316	172,7137537	2,035	NAN	
1446	73,97309316	172,7137537	2,035	NAN	
1447	74,07137876	172,7137537	2,04	NAN	
1448	73,77651916	172,7137537	2,035	NAN	
1449	73,87480663	172,7137537	2,035	NAN	
1450,01	73,97309316	172,5045652	2,03	NAN	
1451	73,87480663	172,5045652	2,03	NAN	
1452	73,87480663	172,7137537	2,03	NAN	
1453	73,87480663	172,7137537	2,03	NAN	
1454	73,87480663	172,7137537	2,03	NAN	
1455,016	73,97309316	172,7137537	2,03	NAN	
1456,014	73,97309316	172,7137537	2,03	NAN	
1457	73,87480663	172,7137537	2,03	NAN	
1458	73,87480663	172,7137537	2,03	NAN	
1459	73,87480663	172,5045652	2,03	NAN	
1460,015	73,97309316	172,5045652	2,03	NAN	
1461,004	73,77651916	172,5045652	2,03	NAN	
1462	73,87480663	172,7137537	2,03	NAN	
1463	73,87480663	172,7137537	2,03	NAN	
1464	73,87480663	172,7137537	2,035	NAN	
1465	73,87480663	172,7137537	2,035	NAN	
1466	73,97309316	172,7137537	2,035	NAN	
1467	73,87480663	172,5045652	2,035	NAN	
1468	73,87480663	172,7137537	2,035	NAN	
1469,014	73,87480663	172,7137537	2,035	NAN	
1470	73,83162834	172,7137537	2,035	NAN	
1471	73,92991528	172,7137537	2,035	NAN	
1472	73,87480663	172,7137537	2,035	NAN	
1473	73,77651916	172,7137537	2,035	NAN	
1474	73,77651916	172,7137537	2,03	NAN	
1475,014	73,77651916	172,5045652	2,03	NAN	
1476	73,77651916	172,5045652	2,03	NAN	
1477	73,77651916	172,7137537	2,03	NAN	
1478	73,67823072	172,7137537	2,03	NAN	
1479	73,77651916	172,5045652	2,025	NAN	
1480,016	73,77651916	172,5045652	2,025	NAN	
1481,009	73,67823072	172,7137537	2,025	NAN	
1482	73,67823072	172,7137537	2,025	NAN	
1483	73,57994129	172,7137537	2,03	NAN	
1484	73,63505158	172,5045652	2,025	NAN	
1485	73,57994129	172,7137537	2,025	NAN	
1486	73,57994129	172,7137537	2,025	NAN	
1487,014	73,57994129	172,7137537	2,025	NAN	
1488	73,48165086	172,7137537	2,02	NAN	
1489	73,48165086	172,7137537	2,02	NAN	
1490	73,3833594	172,7137537	2,015	NAN	
1491,009	73,43847083	172,7137537	2,015	NAN	
1492	73,2850669	172,5045652	2,015	NAN	
1493	73,2850669	172,7137537	2,015	NAN	
1494	73,2850669	172,7137537	2,01	NAN	
1495,016	73,08847869	172,7137537	2,01	NAN	
1496	73,08847869	172,7137537	2,01	NAN	
1497	73,18677334	172,5045652	2,005	NAN	
1498	73,08847869	172,7137537	2,005	NAN	
1499,007	73,18677334	172,7137537	2,005	NAN	
1500	72,99018294	172,7137537	2	NAN	
1501	72,99018294	172,5045652	2	NAN	
1502	72,99018294	172,5045652	2,005	NAN	
1503	72,99018294	172,7137537	2	NAN	
1504	73,08847869	172,5045652	1,995	NAN	
1505	73,04529678	172,5045652	1,995	NAN	
1506,014	73,14359191	172,5045652	1,995	NAN	
1507	73,48165086	172,7137537	1,99	NAN	
1508	73,43847083	172,5045652	1,99	NAN	
1509	73,48165086	172,7137537	1,99	NAN	
1510	73,3833594	172,7137537	1,99	NAN	
1511	73,3833594	172,7137537	1,99	NAN	
1512	73,43847083	172,7137537	1,995	NAN	
1513	73,3833594	172,7137537	1,995	NAN	
1514	73,3833594	172,5045652	1,995	NAN	
1515	73,43847083	172,5045652	2	NAN	
1516	73,2850669	172,7137537	2	NAN	
1517	73,2850669	172,5045652	2	NAN	
1518	73,24188595	172,7137537	2	NAN	
1519	73,08847869	172,5045652	1,995	NAN	
1520	73,24188595	172,5045652	2	NAN	
1521,009	73,2850669	172,7137537	1,995	NAN	
1522,006	73,08847869	172,5045652	1,995	NAN	
1523	73,08847869	172,5045652	1,995	NAN	
1524	72,99018294	172,5045652	1,99	NAN	
1525	72,99018294	172,5045652	1,99	NAN	
1526	72,94700055	172,7137537	1,99	NAN	
1527	72,94700055	172,7137537	1,99	NAN	
1528	73,24188595	172,7137537	1,99	NAN	
1529	73,18677334	172,7137537	1,985	NAN	
1530	73,08847869	172,5045652	1,985	NAN	
1531	73,18677334	172,7137537	1,985	NAN	
1532,01	73,2850669	172,7137537	1,99	NAN	
1533	73,18677334	172,7137537	1,985	NAN	
1534	73,18677334	172,7137537	1,985	NAN	
1535	73,18677334	172,7137537	1,99	NAN	
1536	73,14359191	172,7137537	1,99	NAN	
1537	73,14359191	172,5045652	1,99	NAN	
1538	73,08847869	172,7137537	1,99	NAN	
1539	73,08847869	172,7137537	1,99	NAN	
1540	73,08847869	172,7137537	1,99	NAN	
1541,013	73,14359191	172,5045652	1,99	NAN	
1542	73,14359191	172,7137537	1,99	NAN	
1543	72,99018294	172,7137537	1,985	NAN	
1544	72,99018294	172,7137537	1,985	NAN	
1545	72,99018294	172,5045652	1,99	NAN	
1546	72,99018294	172,5045652	1,985	NAN	
1547	73,08847869	172,7137537	1,985	NAN	
1548	72,99018294	172,5045652	1,985	NAN	
1549	72,99018294	172,5045652	1,985	NAN	
1550	72,89188607	172,5045652	1,985	NAN	
1551,013	73,04529678	172,5045652	1,98	NAN	
1552	72,99018294	172,7137537	1,98	NAN	
1553	72,94700055	172,5045652	1,985	NAN	
1554	72,94700055	172,7137537	1,98	NAN	
1555	72,89188607	172,7137537	1,98	NAN	
1556	72,94700055	172,7137537	1,975	NAN	
1557,013	73,04529678	172,5045652	1,98	NAN	
1558	72,89188607	172,5045652	1,975	NAN	
1559	72,89188607	172,7137537	1,98	NAN	
1560	72,89188607	172,5045652	1,975	NAN	
1561,007	72,84870318	172,7137537	1,975	NAN	
1562	72,79358806	172,7137537	1,975	NAN	
1563	72,79358806	172,7137537	1,975	NAN	
1564	72,79358806	172,5045652	1,975	NAN	
1565,008	72,79358806	172,5045652	1,975	NAN	
1566	72,84870318	172,7137537	1,975	NAN	
1567	72,79358806	172,5045652	1,975	NAN	
1568	72,79358806	172,5045652	1,975	NAN	
1569,009	72,79358806	172,7137537	1,975	NAN	
1570,006	72,84870318	172,7137537	1,975	NAN	
1571	72,94700055	172,7137537	1,975	NAN	
1572	72,79358806	172,7137537	1,975	NAN	
1573	72,84870318	172,7137537	1,975	NAN	
1574	72,84870318	172,7137537	1,975	NAN	
1575	72,79358806	172,7137537	1,975	NAN	
1576,014	72,84870318	172,5045652	1,975	NAN	
1577,005	72,69528889	172,7137537	1,975	NAN	
1578	72,75040466	172,7137537	1,975	NAN	
1579	72,79358806	172,7137537	1,975	NAN	
1580	72,79358806	172,7137537	1,97	NAN	
1581	72,69528889	172,5045652	1,97	NAN	
1582,015	72,75040466	172,5045652	1,975	NAN	
1583,006	72,75040466	172,7137537	1,97	NAN	
1584	72,69528889	172,5045652	1,97	NAN	
1585	72,84870318	172,5045652	1,97	NAN	
1586	72,75040466	172,5045652	1,97	NAN	
1587,004	72,65210498	172,7137537	1,97	NAN	
1588	72,59698854	172,5045652	1,965	NAN	
1589	72,69528889	172,7137537	1,965	NAN	
1590	72,59698854	172,5045652	1,965	NAN	
1591,015	72,65210498	172,5045652	1,965	NAN	
1592	72,5538041	172,5045652	1,965	NAN	
1593	72,65210498	172,5045652	1,965	NAN	
1594	72,65210498	172,7137537	1,97	NAN	
1595	72,65210498	172,5045652	1,97	NAN	
1596,009	72,65210498	172,7137537	1,965	NAN	
1597	72,65210498	172,7137537	1,965	NAN	
1598	72,59698854	172,7137537	1,965	NAN	
1599	72,59698854	172,7137537	1,965	NAN	
1600	72,59698854	172,7137537	1,965	NAN	
1601	72,498687	172,5045652	1,965	NAN	
1602	72,5538041	172,5045652	1,96	NAN	
1603	72,35719872	172,7137537	1,96	NAN	
1604	72,30208023	172,5045652	1,96	NAN	
1605	72,35719872	172,7137537	1,96	NAN	
1606	72,35719872	172,7137537	1,96	NAN	
1607	72,25889417	172,7137537	1,96	NAN	
1608,001	72,35719872	172,7137537	1,955	NAN	
1609	72,35719872	172,7137537	1,96	NAN	
1610	72,5538041	172,7137537	1,955	NAN	
1611	72,25889417	172,7137537	1,955	NAN	
1612	72,30208023	172,7137537	1,955	NAN	
1613	72,25889417	172,5045652	1,955	NAN	
1614	72,20377498	172,5045652	1,96	NAN	
1615,016	72,10546844	172,7137537	1,955	NAN	
1616,001	71,96397286	172,7137537	1,96	NAN	
1617	71,90885148	172,7137537	1,955	NAN	
1618	72,10546844	172,7137537	1,955	NAN	
1619	72,10546844	172,7137537	1,955	NAN	
1620,001	71,90885148	172,7137537	1,955	NAN	
1621	71,96397286	172,5045652	1,955	NAN	
1622	72,06228126	172,7137537	1,95	NAN	
1623	71,96397286	172,5045652	1,95	NAN	
1624	71,96397286	172,7137537	1,95	NAN	
1625,006	72,00716062	172,7137537	1,95	NAN	
1626	72,06228126	172,7137537	1,95	NAN	
1627	71,810541	172,7137537	1,95	NAN	
1628	71,810541	172,7137537	1,95	NAN	
1629	71,76735207	172,7137537	1,95	NAN	
1630	71,76735207	172,5045652	1,945	NAN	
1631	71,86566313	172,7137537	1,945	NAN	
1632,001	71,96397286	172,7137537	1,945	NAN	
1633	71,810541	172,5045652	1,945	NAN	
1634	71,76735207	172,5045652	1,94	NAN	
1635	71,51560139	172,7137537	1,94	NAN	
1636	71,76735207	172,7137537	1,94	NAN	
1637	71,76735207	172,7137537	1,94	NAN	
1638,015	71,96397286	172,5045652	1,94	NAN	
1639	71,90885148	172,5045652	1,94	NAN	
1640	71,810541	172,7137537	1,94	NAN	
1641	71,810541	172,7137537	1,94	NAN	
1642	71,86566313	172,5045652	1,94	NAN	
1643,011	71,71222918	172,7137537	1,94	NAN	
1644	71,71222918	172,7137537	1,94	NAN	
1645	71,61391598	172,5045652	1,94	NAN	
1646	71,66903964	172,5045652	1,94	NAN	
1647	71,61391598	172,5045652	1,94	NAN	
1648	71,57072584	172,5045652	1,945	NAN	
1649,015	71,47241063	172,5045652	1,94	NAN	
1650	71,51560139	172,7137537	1,945	NAN	
1651	71,61391598	172,7137537	1,945	NAN	
1652	71,41728539	172,7137537	1,94	NAN	
1653	71,41728539	172,7137537	1,945	NAN	
1654,007	71,31896797	172,7137537	1,945	NAN	
1655,002	71,22064909	172,7137537	1,94	NAN	
1656	71,22064909	172,7137537	1,94	NAN	
1657	71,22064909	172,7137537	1,94	NAN	
1658	71,22064909	172,7137537	1,94	NAN	
1659	71,22064909	172,7137537	1,94	NAN	
1660	71,37409401	172,7137537	1,94	NAN	
1661	71,31896797	172,5045652	1,935	NAN	
1662	71,41728539	172,5045652	1,935	NAN	
1663	71,57072584	172,5045652	1,935	NAN	
1664	71,51560139	172,7137537	1,935	NAN	
1665	71,41728539	172,7137537	1,93	NAN	
1666,009	71,41728539	172,7137537	1,935	NAN	
1667	71,31896797	172,5045652	1,935	NAN	
1668	71,22064909	172,7137537	1,935	NAN	
1669	71,22064909	172,5045652	1,935	NAN	
1670	71,12232875	172,7137537	1,935	NAN	
1671	71,07913543	172,5045652	1,935	NAN	
1672,001	71,02400691	172,7137537	1,93	NAN	
1673	70,82735871	172,7137537	1,93	NAN	
1674	71,02400691	172,5045652	1,93	NAN	
1675	71,02400691	172,7137537	1,93	NAN	
1676	71,22064909	172,5045652	1,93	NAN	
1677,011	71,22064909	172,7137537	1,925	NAN	
1678	71,12232875	172,7137537	1,925	NAN	
1679	71,02400691	172,7137537	1,925	NAN	
1680	70,82735871	172,7137537	1,925	NAN	
1681	70,82735871	172,7137537	1,925	NAN	
1682	70,7290323	172,7137537	1,92	NAN	
1683,007	70,7290323	172,7137537	1,92	NAN	
1684	70,63070433	172,5045652	1,92	NAN	
1685	70,63070433	172,7137537	1,92	NAN	
1686	70,63070433	172,7137537	1,92	NAN	
1687	70,82735871	172,5045652	1,915	NAN	
1688	70,78416339	172,5045652	1,915	NAN	
1689	70,82735871	172,7137537	1,915	NAN	
1690,009	71,41728539	172,5045652	1,91	NAN	
1691	71,41728539	172,7137537	1,91	NAN	
1692	71,61391598	172,7137537	1,91	NAN	
1693	71,41728539	172,5045652	1,91	NAN	
1694	71,61391598	172,5045652	1,905	NAN	
1695,011	71,61391598	172,5045652	1,905	NAN	
1696	71,41728539	172,7137537	1,91	NAN	
1697	71,51560139	172,7137537	1,91	NAN	
1698	71,51560139	172,7137537	1,91	NAN	
1699	71,61391598	172,7137537	1,91	NAN	
1700	71,51560139	172,5045652	1,915	NAN	
1701	71,51560139	172,7137537	1,915	NAN	
1702	71,51560139	172,7137537	1,92	NAN	
1703	71,51560139	172,7137537	1,915	NAN	
1704	71,51560139	172,5045652	1,92	NAN	
1705,016	71,51560139	172,5045652	1,92	NAN	
1706	71,51560139	172,5045652	1,92	NAN	
1707	71,51560139	172,5045652	1,92	NAN	
1708	71,51560139	172,5045652	1,92	NAN	
1709	71,57072584	172,7137537	1,92	NAN	
1710	71,41728539	172,5045652	1,92	NAN	
1711,014	71,57072584	172,7137537	1,92	NAN	
1712,001	71,57072584	172,7137537	1,915	NAN	
1713	71,51560139	172,5045652	1,915	NAN	
1714	71,41728539	172,5045652	1,915	NAN	
1715	71,41728539	172,7137537	1,915	NAN	
1716	71,41728539	172,5045652	1,915	NAN	
1717	71,41728539	172,5045652	1,915	NAN	
1718,009	71,41728539	172,5045652	1,915	NAN	
1719	71,41728539	172,7137537	1,92	NAN	
1720	71,41728539	172,5045652	1,915	NAN	
1721	71,41728539	172,5045652	1,915	NAN	
1722	71,31896797	172,7137537	1,915	NAN	
1723,001	71,41728539	172,7137537	1,915	NAN	
1724	71,31896797	172,7137537	1,915	NAN	
1725	71,41728539	172,7137537	1,915	NAN	
1726	71,41728539	172,7137537	1,91	NAN	
1727,009	71,27577594	172,5045652	1,91	NAN	
1728	71,41728539	172,7137537	1,91	NAN	
1729	71,31896797	172,5045652	1,91	NAN	
1730	71,31896797	172,7137537	1,905	NAN	
1731	71,41728539	172,7137537	1,91	NAN	
1732	71,31896797	172,7137537	1,905	NAN	
1733	71,31896797	172,7137537	1,905	NAN	
1734,009	71,22064909	172,7137537	1,905	NAN	
1735	71,22064909	172,5045652	1,905	NAN	
1736	71,31896797	172,7137537	1,905	NAN	
1737	71,37409401	172,7137537	1,905	NAN	
1738	71,31896797	172,5045652	1,905	NAN	
1739,013	71,07913543	172,7137537	1,905	NAN	
1740,005	71,22064909	172,5045652	1,905	NAN	
1741	71,12232875	172,7137537	1,905	NAN	
1742	71,22064909	172,7137537	1,905	NAN	
1743	71,27577594	172,7137537	1,91	NAN	
1744	71,17745642	172,7137537	1,905	NAN	
1745,014	71,22064909	172,7137537	1,905	NAN	
1746,005	71,22064909	172,5045652	1,905	NAN	
1747	71,12232875	172,7137537	1,9	NAN	
1748	71,22064909	172,7137537	1,905	NAN	
1749	71,02400691	172,7137537	1,9	NAN	
1750	71,12232875	172,7137537	1,9	NAN	
1751	71,12232875	172,7137537	1,9	NAN	
1752,011	71,12232875	172,5045652	1,9	NAN	
1753	71,02400691	172,7137537	1,9	NAN	
1754	71,02400691	172,7137537	1,9	NAN	
1755	71,02400691	172,5045652	1,9	NAN	
1756	71,07913543	172,7137537	1,9	NAN	
1757	71,07913543	172,5045652	1,9	NAN	
1758,012	71,02400691	172,7137537	1,9	NAN	
1759,004	71,07913543	172,5045652	1,9	NAN	
1760	71,02400691	172,7137537	1,9	NAN	
1761	70,92568357	172,7137537	1,9	NAN	
1762	71,02400691	172,7137537	1,9	NAN	
1763	71,02400691	172,7137537	1,9	NAN	
1764,009	71,02400691	172,5045652	1,9	NAN	
1765	70,92568357	172,5045652	1,9	NAN	
1766	71,07913543	172,5045652	1,9	NAN	
1767	70,98081294	172,7137537	1,9	NAN	
1768	70,92568357	172,5045652	1,9	NAN	
1769,001	70,7290323	172,5045652	1,9	NAN	
1770	70,88248893	172,7137537	1,895	NAN	
1771	70,78416339	172,7137537	1,895	NAN	
1772	70,78416339	172,5045652	1,895	NAN	
1773	70,7290323	172,7137537	1,89	NAN	
1774	70,7290323	172,7137537	1,89	NAN	
1775,015	70,92568357	172,7137537	1,89	NAN	
1776	70,98081294	172,7137537	1,89	NAN	
1777	71,02400691	172,7137537	1,89	NAN	
1778	70,92568357	172,5045652	1,89	NAN	
1779,014	70,92568357	172,7137537	1,89	NAN	
1780,004	70,88248893	172,7137537	1,895	NAN	
1781	70,98081294	172,7137537	1,895	NAN	
1782	70,88248893	172,5045652	1,895	NAN	
1783	70,82735871	172,7137537	1,895	NAN	
1784	70,82735871	172,7137537	1,895	NAN	
1785	70,82735871	172,7137537	1,895	NAN	
1786	70,92568357	172,7137537	1,895	NAN	
1787,01	70,92568357	172,7137537	1,895	NAN	
1788,002	70,82735871	172,5045652	1,895	NAN	
1789	70,82735871	172,5045652	1,895	NAN	
1790	70,78416339	172,5045652	1,895	NAN	
1791	70,7290323	172,7137537	1,895	NAN	
1792	70,82735871	172,5045652	1,895	NAN	
1793,009	70,78416339	172,7137537	1,895	NAN	
1794	70,82735871	172,7137537	1,895	NAN	
1795	70,78416339	172,7137537	1,895	NAN	
1796	70,7290323	172,7137537	1,895	NAN	
1797	70,63070433	172,5045652	1,895	NAN	
1798	70,63070433	172,7137537	1,895	NAN	
1799,008	70,63070433	172,5045652	1,895	NAN	
1800	70,68583629	172,7137537	1,89	NAN	
1801	70,68583629	172,5045652	1,89	NAN	
1802	70,63070433	172,5045652	1,89	NAN	
1803	70,53237477	172,5045652	1,89	NAN	
1804,006	70,63070433	172,7137537	1,885	NAN	
1805	70,53237477	172,5045652	1,89	NAN	
1806	70,68583629	172,7137537	1,885	NAN	
1807	70,63070433	172,7137537	1,885	NAN	
1808	70,68583629	172,7137537	1,885	NAN	
1809,015	70,58750763	172,7137537	1,885	NAN	
1810	70,48917737	172,7137537	1,885	NAN	
1811	70,43404361	172,5045652	1,885	NAN	
1812	70,48917737	172,5045652	1,885	NAN	
1813	70,43404361	172,7137537	1,88	NAN	
1814,016	70,43404361	172,7137537	1,88	NAN	
1815	70,33571082	172,5045652	1,88	NAN	
1816	70,48917737	172,7137537	1,88	NAN	
1817	70,3908455	172,7137537	1,875	NAN	
1818	70,43404361	172,7137537	1,875	NAN	
1819	70,43404361	172,7137537	1,875	NAN	
1820,016	70,43404361	172,7137537	1,875	NAN	
1821	70,43404361	172,5045652	1,875	NAN	
1822	70,3908455	172,7137537	1,875	NAN	
1823	70,3908455	172,7137537	1,875	NAN	
1824	70,2373764	172,5045652	1,875	NAN	
1825	70,43404361	172,7137537	1,875	NAN	
1826	70,3908455	172,5045652	1,875	NAN	
1827	70,3908455	172,7137537	1,875	NAN	
1828	70,3908455	172,7137537	1,87	NAN	
1829	70,33571082	172,7137537	1,87	NAN	
1830,012	70,33571082	172,5045652	1,87	NAN	
1831	70,29251199	172,7137537	1,87	NAN	
1832	70,29251199	172,7137537	1,87	NAN	
1833	70,2373764	172,7137537	1,87	NAN	
1834,014	70,2373764	172,7137537	1,87	NAN	
1835	70,29251199	172,5045652	1,865	NAN	
1836	70,19417684	172,5045652	1,865	NAN	
1837	70,29251199	172,5045652	1,865	NAN	
1838	70,3908455	172,7137537	1,865	NAN	
1839	70,2373764	172,5045652	1,87	NAN	
1840,016	70,43404361	172,5045652	1,865	NAN	
1841,001	70,13904031	172,7137537	1,865	NAN	
1842	70,29251199	172,7137537	1,865	NAN	
1843	70,3908455	172,7137537	1,865	NAN	
1844	70,29251199	172,5045652	1,87	NAN	
1845	70,3908455	172,5045652	1,865	NAN	
1846	70,3908455	172,7137537	1,865	NAN	
1847,005	70,29251199	172,7137537	1,865	NAN	
1848	70,29251199	172,5045652	1,865	NAN	
1849	70,29251199	172,7137537	1,865	NAN	
1850	70,33571082	172,5045652	1,865	NAN	
1851	70,29251199	172,5045652	1,865	NAN	
1852,014	70,09584002	172,5045652	1,865	NAN	
1853,001	70,09584002	172,5045652	1,865	NAN	
1854	69,99750151	172,7137537	1,865	NAN	
1855	70,09584002	172,7137537	1,865	NAN	
1856	70,19417684	172,7137537	1,865	NAN	
1857	70,19417684	172,7137537	1,86	NAN	
1858	70,19417684	172,7137537	1,865	NAN	
1859,01	70,09584002	172,7137537	1,86	NAN	
1860	70,19417684	172,7137537	1,86	NAN	
1861	70,19417684	172,7137537	1,86	NAN	
1862	70,04070255	172,7137537	1,855	NAN	
1863	70,09584002	172,7137537	1,855	NAN	
1864	69,99750151	172,7137537	1,86	NAN	
1865	69,89916129	172,7137537	1,855	NAN	
1866,015	69,99750151	172,7137537	1,855	NAN	
1867	69,99750151	172,7137537	1,86	NAN	
1868	70,04070255	172,5045652	1,86	NAN	
1869	69,99750151	172,7137537	1,855	NAN	
1870,012	69,99750151	172,7137537	1,86	NAN	
1871,001	69,99750151	172,5045652	1,855	NAN	
1872	70,09584002	172,5045652	1,86	NAN	
1873	70,09584002	172,7137537	1,855	NAN	
1874	70,04070255	172,7137537	1,855	NAN	
1875	69,99750151	172,7137537	1,855	NAN	
1876	70,09584002	172,7137537	1,855	NAN	
1877,007	69,99750151	172,7137537	1,855	NAN	
1878	69,89916129	172,5045652	1,855	NAN	
1879	69,99750151	172,7137537	1,855	NAN	
1880	69,89916129	172,7137537	1,86	NAN	
1881	69,80081935	172,7137537	1,855	NAN	
1882,015	69,74567898	172,7137537	1,855	NAN	
1883	69,80081935	172,7137537	1,855	NAN	
1884	69,80081935	172,7137537	1,855	NAN	
1885	69,89916129	172,7137537	1,855	NAN	
1886	69,99750151	172,5045652	1,855	NAN	
1887,016	69,89916129	172,7137537	1,855	NAN	
1888,009	69,80081935	172,7137537	1,85	NAN	
1889	69,89916129	172,5045652	1,85	NAN	
1890	69,94236308	172,7137537	1,85	NAN	
1891	69,89916129	172,7137537	1,85	NAN	
1892,014	69,89916129	172,5045652	1,85	NAN	
1893	69,80081935	172,5045652	1,845	NAN	
1894	69,74567898	172,7137537	1,85	NAN	
1895	69,6473343	172,5045652	1,845	NAN	
1896	69,80081935	172,7137537	1,845	NAN	
1897	69,70247566	172,7137537	1,845	NAN	
1898	69,70247566	172,5045652	1,84	NAN	
1899	69,70247566	172,5045652	1,84	NAN	
1900,009	69,50578296	172,7137537	1,84	NAN	
1901,006	69,50578296	172,5045652	1,835	NAN	
1902	69,40743391	172,7137537	1,84	NAN	
1903	69,40743391	172,5045652	1,835	NAN	
1904	69,30908304	172,5045652	1,835	NAN	
1905	69,30908304	172,7137537	1,835	NAN	
1906	69,25393762	172,7137537	1,835	NAN	
1907,015	69,21073033	172,7137537	1,83	NAN	
1908	69,21073033	172,7137537	1,83	NAN	
1909	69,11237575	172,7137537	1,825	NAN	
1910	69,21073033	172,7137537	1,825	NAN	
1911	68,95887072	172,7137537	1,825	NAN	
1912	69,0140193	172,7137537	1,825	NAN	
1913	69,0140193	172,5045652	1,825	NAN	
1914,014	68,91566094	172,7137537	1,82	NAN	
1915	68,91566094	172,7137537	1,82	NAN	
1916	68,91566094	172,5045652	1,82	NAN	
1917	69,40743391	172,7137537	1,82	NAN	
1918	69,6041302	172,7137537	1,82	NAN	
1919	69,6473343	172,7137537	1,82	NAN	
1920	69,70247566	172,7137537	1,825	NAN	
1921	69,70247566	172,5045652	1,82	NAN	
1922	69,70247566	172,5045652	1,825	NAN	
1923	69,70247566	172,7137537	1,825	NAN	
1924	69,70247566	172,5045652	1,83	NAN	
1925	69,70247566	172,5045652	1,83	NAN	
1926,004	69,6473343	172,7137537	1,835	NAN	
1927	69,70247566	172,7137537	1,835	NAN	
1928	69,54898784	172,7137537	1,835	NAN	
1929	69,6041302	172,7137537	1,835	NAN	
1930	69,54898784	172,7137537	1,835	NAN	
1931	69,50578296	172,7137537	1,835	NAN	
1932,011	69,35228952	172,7137537	1,835	NAN	
1933	69,50578296	172,5045652	1,835	NAN	
1934	69,50578296	172,7137537	1,835	NAN	
1935	69,50578296	172,5045652	1,835	NAN	
1936	69,40743391	172,7137537	1,83	NAN	
1937	69,40743391	172,7137537	1,83	NAN	
1938	69,30908304	172,7137537	1,825	NAN	
1939,01	69,30908304	172,7137537	1,83	NAN	
1940	69,15558387	172,5045652	1,825	NAN	
1941	69,21073033	172,7137537	1,825	NAN	
1942	69,05722824	172,5045652	1,825	NAN	
1943	69,0140193	172,5045652	1,82	NAN	
1944	68,86051129	172,7137537	1,82	NAN	
1945	69,0140193	172,7137537	1,82	NAN	
1946	68,91566094	172,7137537	1,82	NAN	
1947	68,91566094	172,7137537	1,82	NAN	
1948	68,81730066	172,7137537	1,815	NAN	
1949,011	68,81730066	172,7137537	1,81	NAN	
1950	68,81730066	172,7137537	1,815	NAN	
1951	68,81730066	172,7137537	1,81	NAN	
1952	68,71893845	172,7137537	1,81	NAN	
1953	68,71893845	172,5045652	1,805	NAN	
1954	68,62057427	172,5045652	1,805	NAN	
1955	69,0140193	172,7137537	1,8	NAN	
1956,009	69,40743391	172,7137537	1,805	NAN	
1957	69,40743391	172,7137537	1,805	NAN	
1958	69,40743391	172,7137537	1,805	NAN	
1959	69,30908304	172,7137537	1,805	NAN	
1960	69,30908304	172,7137537	1,81	NAN	
1961,006	69,30908304	172,5045652	1,81	NAN	
1962	69,30908304	172,7137537	1,815	NAN	
1963	69,15558387	172,7137537	1,815	NAN	
1964	69,15558387	172,7137537	1,82	NAN	
1965,016	69,11237575	172,7137537	1,82	NAN	
1966	69,11237575	172,7137537	1,815	NAN	
1967	69,11237575	172,7137537	1,82	NAN	
1968	69,11237575	172,7137537	1,82	NAN	
1969,005	69,21073033	172,7137537	1,815	NAN	
1970	69,05722824	172,7137537	1,82	NAN	
1971	69,05722824	172,7137537	1,815	NAN	
1972	68,95887072	172,5045652	1,815	NAN	
1973	69,0140193	172,7137537	1,81	NAN	
1974,015	68,86051129	172,7137537	1,815	NAN	
1975	68,86051129	172,5045652	1,81	NAN	
1976	68,91566094	172,7137537	1,81	NAN	
1977	68,76214993	172,5045652	1,81	NAN	
1978	68,95887072	172,5045652	1,805	NAN	
1979	69,05722824	172,7137537	1,805	NAN	
1980,015	68,95887072	172,7137537	1,805	NAN	
1981	68,91566094	172,5045652	1,8	NAN	
1982	68,86051129	172,7137537	1,8	NAN	
1983	68,86051129	172,7137537	1,8	NAN	
1984	69,0140193	172,7137537	1,8	NAN	
1985	69,0140193	172,5045652	1,8	NAN	
1986,016	68,86051129	172,5045652	1,8	NAN	
1987	69,05722824	172,5045652	1,8	NAN	
1988	69,0140193	172,7137537	1,8	NAN	
1989	68,95887072	172,5045652	1,8	NAN	
1990	69,05722824	172,7137537	1,805	NAN	
1991	68,95887072	172,7137537	1,805	NAN	
1992	68,95887072	172,5045652	1,805	NAN	
1993,008	68,91566094	172,5045652	1,805	NAN	
1994	68,95887072	172,7137537	1,805	NAN	
1995	68,95887072	172,7137537	1,81	NAN	
1996	69,0140193	172,5045652	1,81	NAN	
1997	69,0140193	172,5045652	1,81	NAN	
1998	68,86051129	172,7137537	1,81	NAN	
1999	68,95887072	172,7137537	1,81	NAN	
2000,015	68,86051129	172,5045652	1,81	NAN	
2001	68,95887072	172,5045652	1,81	NAN	
2002	68,95887072	172,7137537	1,81	NAN	
2003	68,91566094	172,7137537	1,81	NAN	
2004	68,86051129	172,7137537	1,81	NAN	
2005,01	68,81730066	172,7137537	1,81	NAN	
2006	68,81730066	172,5045652	1,81	NAN	
2007	68,76214993	172,7137537	1,81	NAN	
2008	68,76214993	172,7137537	1,81	NAN	
2009	68,86051129	172,7137537	1,81	NAN	
2010	68,91566094	172,5045652	1,805	NAN	
2011	68,76214993	172,7137537	1,81	NAN	
2012	68,86051129	172,7137537	1,81	NAN	
2013	68,76214993	172,7137537	1,805	NAN	
2014	68,66378662	172,7137537	1,805	NAN	
2015	68,76214993	172,5045652	1,805	NAN	
2016	68,66378662	172,7137537	1,805	NAN	
2017	68,66378662	172,7137537	1,805	NAN	
2018	68,56542134	172,7137537	1,8	NAN	
2019	68,46705407	172,5045652	1,8	NAN	
2020	68,46705407	172,7137537	1,8	NAN	
2021	68,56542134	172,7137537	1,795	NAN	
2022	68,56542134	172,7137537	1,795	NAN	
2023	68,46705407	172,7137537	1,79	NAN	
2024	68,56542134	172,5045652	1,79	NAN	
2025,014	68,46705407	172,7137537	1,79	NAN	
2026	68,46705407	172,7137537	1,79	NAN	
2027	68,46705407	172,7137537	1,79	NAN	
2028	68,46705407	172,7137537	1,785	NAN	
2029	68,36868479	172,5045652	1,785	NAN	
2030	68,36868479	172,5045652	1,785	NAN	
2031	68,36868479	172,5045652	1,785	NAN	
2032	68,36868479	172,7137537	1,78	NAN	
2033,014	68,36868479	172,7137537	1,78	NAN	
2034,006	68,27031348	172,7137537	1,78	NAN	
2035	68,27031348	172,5045652	1,775	NAN	
2036	68,27031348	172,7137537	1,775	NAN	
2037	68,17194013	172,7137537	1,775	NAN	
2038	68,17194013	172,5045652	1,775	NAN	
2039	68,07356472	172,7137537	1,77	NAN	
2040,005	67,87680761	172,7137537	1,775	NAN	
2041	67,87680761	172,7137537	1,77	NAN	
2042	67,87680761	172,7137537	1,77	NAN	
2043	67,87680761	172,7137537	1,77	NAN	
2044,014	67,87680761	172,7137537	1,77	NAN	
2045	67,87680761	172,7137537	1,765	NAN	
2046	67,87680761	172,7137537	1,765	NAN	
2047	67,77842588	172,5045652	1,765	NAN	
2048	67,77842588	172,5045652	1,765	NAN	
2049	67,68004201	172,7137537	1,765	NAN	
2050	67,58165597	172,5045652	1,76	NAN	
2051,014	67,48326776	172,5045652	1,76	NAN	
2052	67,48326776	172,5045652	1,76	NAN	
2053	67,68004201	172,7137537	1,76	NAN	
2054	67,52643857	172,7137537	1,76	NAN	
2055	68,17194013	172,5045652	1,755	NAN	
2056	68,27031348	172,5045652	1,755	NAN	
2057	68,21510441	172,5045652	1,755	NAN	
2058	68,27031348	172,7137537	1,76	NAN	
2059,007	68,36868479	172,5045652	1,76	NAN	
2060	68,36868479	172,7137537	1,765	NAN	
2061	68,31347686	172,7137537	1,765	NAN	
2062	68,36868479	172,5045652	1,77	NAN	
2063	68,27031348	172,7137537	1,77	NAN	
2064	68,27031348	172,7137537	1,775	NAN	
2065,001	68,17194013	172,7137537	1,775	NAN	
2066	68,27031348	172,7137537	1,775	NAN	
2067	68,27031348	172,7137537	1,775	NAN	
2068	68,17194013	172,7137537	1,775	NAN	
2069	68,07356472	172,7137537	1,775	NAN	
2070,012	68,07356472	172,5045652	1,775	NAN	
2071	67,97518722	172,7137537	1,775	NAN	
2072	67,97518722	172,5045652	1,77	NAN	
2073	67,97518722	172,5045652	1,77	NAN	
2074	68,07356472	172,7137537	1,77	NAN	
2075	68,17194013	172,7137537	1,77	NAN	
2076	68,27031348	172,5045652	1,765	NAN	
2077	68,27031348	172,7137537	1,77	NAN	
2078	68,17194013	172,5045652	1,77	NAN	
2079,016	68,27031348	172,7137537	1,77	NAN	
2080	68,27031348	172,7137537	1,775	NAN	
2081	68,27031348	172,7137537	1,775	NAN	
2082	68,17194013	172,7137537	1,775	NAN	
2083	68,17194013	172,7137537	1,775	NAN	
2084	68,17194013	172,5045652	1,775	NAN	
2085	68,07356472	172,7137537	1,775	NAN	
2086	68,07356472	172,5045652	1,775	NAN	
2087	67,97518722	172,5045652	1,77	NAN	
2088	67,91997463	172,7137537	1,77	NAN	
2089	67,97518722	172,5045652	1,77	NAN	
2090,014	67,87680761	172,7137537	1,765	NAN	
2091	67,87680761	172,7137537	1,765	NAN	
2092	67,87680761	172,5045652	1,765	NAN	
2093	67,87680761	172,5045652	1,765	NAN	
2094	67,77842588	172,5045652	1,765	NAN	
2095	67,58165597	172,5045652	1,76	NAN	
2096,013	67,58165597	172,5045652	1,76	NAN	
2097	67,62482583	172,7137537	1,76	NAN	
2098	67,58165597	172,7137537	1,755	NAN	
2099	67,42804912	172,7137537	1,755	NAN	
2100	67,42804912	172,7137537	1,755	NAN	
2101	67,38487734	172,7137537	1,755	NAN	
2102	67,32965746	172,7137537	1,75	NAN	
2103	67,23126357	172,5045652	1,745	NAN	
2104	67,18808983	172,5045652	1,75	NAN	
2105	67,28648471	172,5045652	1,75	NAN	
2106	67,82159384	172,7137537	1,75	NAN	
2107,005	67,87680761	172,7137537	1,745	NAN	
2108	67,97518722	172,7137537	1,745	NAN	
2109	67,91997463	172,5045652	1,745	NAN	
2110	67,82159384	172,5045652	1,75	NAN	
2111	67,87680761	172,5045652	1,75	NAN	
2112	67,97518722	172,7137537	1,75	NAN	
2113	67,91997463	172,7137537	1,755	NAN	
2114	67,91997463	172,7137537	1,755	NAN	
2115,014	67,97518722	172,7137537	1,76	NAN	
2116,003	67,82159384	172,5045652	1,765	NAN	
2117	67,87680761	172,7137537	1,765	NAN	
2118	67,82159384	172,7137537	1,765	NAN	
2119	67,82159384	172,5045652	1,765	NAN	
2120	67,82159384	172,5045652	1,765	NAN	
2121	67,77842588	172,5045652	1,765	NAN	
2122,018	67,72321091	172,7137537	1,765	NAN	
2123	67,72321091	172,5045652	1,765	NAN	
2124	67,82159384	172,7137537	1,76	NAN	
2125	67,72321091	172,7137537	1,765	NAN	
2126	67,72321091	172,5045652	1,76	NAN	
2127	67,62482583	172,7137537	1,76	NAN	
2128,015	67,52643857	172,7137537	1,76	NAN	
2129	67,42804912	172,7137537	1,755	NAN	
2130	67,42804912	172,7137537	1,755	NAN	
2131	67,42804912	172,7137537	1,755	NAN	
2132	67,52643857	172,7137537	1,75	NAN	
2133	67,52643857	172,7137537	1,75	NAN	
2134,011	67,52643857	172,5045652	1,75	NAN	
2135	67,52643857	172,7137537	1,745	NAN	
2136	67,42804912	172,7137537	1,745	NAN	
2137	67,32965746	172,5045652	1,745	NAN	
2138	67,23126357	172,7137537	1,74	NAN	
2139	67,23126357	172,7137537	1,745	NAN	
2140	67,13286743	172,5045652	1,74	NAN	
2141	67,13286743	172,7137537	1,74	NAN	
2142	67,13286743	172,7137537	1,74	NAN	
2143,01	67,13286743	172,5045652	1,735	NAN	
2144	67,03446902	172,7137537	1,735	NAN	
2145	67,0896927	172,5045652	1,735	NAN	
2146	66,83766532	172,5045652	1,735	NAN	
2147	66,83766532	172,5045652	1,735	NAN	
2148,014	66,83766532	172,7137537	1,735	NAN	
2149	66,83766532	172,7137537	1,73	NAN	
2150	66,83766532	172,5045652	1,73	NAN	
2151	66,93606832	172,7137537	1,73	NAN	
2152	66,83766532	172,5045652	1,73	NAN	
