MIN=0	0	0	0	0	
MAX=1810,19336	120	120	3	0,5	
SCALE=500	50	50	1	0,1	
DEC=0	1	1	3	4	
DEF="Tiempo" t / s	"Temperatura" &J_A11 / °C	"Temperatura" &J_A12 / °C	"Tensión" U_B1 / mV	"Frecuencia" f / Hz	
0	84,15087147	-253,0840142	0,3465	NAN	
1,023	84,05257869	-253,0840142	0,339	NAN	
2	83,95428696	-253,2535733	0,336	NAN	
3	84,15087147	-252,7450533	0,333	NAN	
4	84,15087147	-253,2535733	0,3285	NAN	
5	84,34746026	-253,5928487	0,327	NAN	
6	84,34746026	-253,2535733	0,3255	NAN	
7	84,24916532	-254,9520513	0,3225	NAN	
8	84,24916532	-254,2720296	0,3225	NAN	
9	84,15087147	-255,4626201	0,321	NAN	
10,009	84,15087147	-256,6557926	0,3195	NAN	
11	84,24916532	-255,9736632	0,3195	NAN	
12	84,34746026	-254,4419561	0,318	NAN	
13	84,19492571	-254,781967	0,318	NAN	
14	84,24916532	-253,2535733	0,3165	NAN	
15	84,15087147	-252,9145076	0,3165	NAN	
16,012	84,24916532	-253,9323341	0,318	NAN	
17	84,24916532	-253,4231848	0,3165	NAN	
18	84,15087147	-253,0840142	0,318	NAN	
19	84,24916532	-253,4231848	0,3165	NAN	
20	84,24916532	-253,0547685	0,3165	NAN	
21,016	84,15087147	-251,8985674	0,3165	NAN	
22,004	84,15087147	-251,3913035	0,315	NAN	
23	84,15087147	-250,2095147	0,315	NAN	
24	84,15087147	-250,5469079	0,315	NAN	
25	84,15087147	-250,6865633	0,315	NAN	
26,012	84,15087147	-250,7156827	0,315	NAN	
27	84,15087147	-249,0302784	0,315	NAN	
28	84,15087147	-251,8985674	0,315	NAN	
29	83,95428696	-252,2370048	0,315	NAN	
30,017	83,95428696	-250,3781852	0,315	NAN	
31,008	84,05257869	-250,5469079	0,3135	NAN	
32	84,05257869	-250,3781852	0,3135	NAN	
33	84,15087147	-250,3781852	0,3135	NAN	
34	84,05257869	-251,3913035	0,312	NAN	
35	84,05257869	-252,2370048	0,312	NAN	
36	84,05257869	-251,7294272	0,3135	NAN	
37,009	84,24916532	-250,8845096	0,312	NAN	
38	84,05257869	-251,0533887	0,3135	NAN	
39	84,05257869	-252,7450533	0,3135	NAN	
40	84,05257869	-253,2535733	0,312	NAN	
41	83,95428696	-252,06776	0,3135	NAN	
42	83,90004909	-251,5603392	0,3135	NAN	
43,017	83,85599625	-251,8985674	0,312	NAN	
44	83,85599625	-251,8985674	0,3135	NAN	
45	83,85599625	-252,7450533	0,3135	NAN	
46	83,85599625	-253,9323341	0,3135	NAN	
47,023	83,75770656	-252,06776	0,3135	NAN	
48,002	83,85599625	-251,3621481	0,312	NAN	
49	83,85599625	-251,0242513	0,312	NAN	
50	83,75770656	-250,7156827	0,3105	NAN	
51	83,85599625	-250,7156827	0,312	NAN	
52	83,85599625	-250,5469079	0,3105	NAN	
53,018	83,75770656	-250,5469079	0,3105	NAN	
54	83,75770656	-250,5469079	0,3105	NAN	
55	83,75770656	-249,7038156	0,309	NAN	
56	83,7034698	-249,7038156	0,3105	NAN	
57	83,85599625	-250,5469079	0,3105	NAN	
58	83,75770656	-251,5603392	0,3105	NAN	
59,008	83,75770656	-252,06776	0,309	NAN	
60	83,75770656	-251,5603392	0,309	NAN	
61	83,75770656	-250,3781852	0,3105	NAN	
62	83,75770656	-249,5353533	0,309	NAN	
63,014	83,85599625	-249,5353533	0,309	NAN	
64	83,7034698	-249,8723299	0,309	NAN	
65	83,75770656	-250,0408962	0,309	NAN	
66	83,7034698	-249,5353533	0,309	NAN	
67	83,65941786	-249,366943	0,3075	NAN	
68	83,56113013	-247,6856969	0,3075	NAN	
69,012	83,56113013	-248,3575726	0,309	NAN	
70	83,75770656	-250,3781852	0,3075	NAN	
71	83,65941786	-251,8985674	0,309	NAN	
72	83,65941786	-251,7294272	0,3075	NAN	
73	83,65941786	-253,2243186	0,309	NAN	
74	83,65941786	-253,4231848	0,309	NAN	
75,018	83,65941786	-252,4063019	0,3105	NAN	
76,002	83,50689444	-251,8985674	0,312	NAN	
77	83,56113013	-252,06776	0,315	NAN	
78	83,46284335	-251,3913035	0,3165	NAN	
79	83,56113013	-250,5469079	0,3165	NAN	
80	83,50689444	-251,0533887	0,3165	NAN	
81	83,56113013	-251,5311748	0,315	NAN	
82	83,65941786	-251,1931736	0,312	NAN	
83	83,46284335	-248,0215311	0,3135	NAN	
84	83,56113013	-248,8620241	0,3105	NAN	
85	83,65941786	-249,5353533	0,3105	NAN	
86,005	83,56113013	-250,0408962	0,312	NAN	
87	83,56113013	-249,7038156	0,312	NAN	
88	83,36455751	-248,0215311	0,309	NAN	
89	83,36455751	-247,0146501	0,309	NAN	
90	83,46284335	-246,5119082	0,3075	NAN	
91,015	83,46284335	-248,1895259	0,309	NAN	
92,013	83,46284335	-248,6938217	0,3075	NAN	
93,004	83,36455751	-248,1605411	0,306	NAN	
94	83,36455751	-247,8535881	0,3075	NAN	
95	83,46284335	-248,0215311	0,3075	NAN	
96	83,36455751	-248,8620241	0,306	NAN	
97,017	83,36455751	-250,2095147	0,3045	NAN	
98	83,26627258	-251,0533887	0,306	NAN	
99	83,16798854	-250,5469079	0,3045	NAN	
100	83,26627258	-251,3913035	0,3045	NAN	
101	83,16798854	-253,4231848	0,3045	NAN	
102	83,16798854	-253,4231848	0,3045	NAN	
103	83,16798854	-253,9323341	0,306	NAN	
104	83,16798854	-255,4626201	0,3045	NAN	
105	83,16798854	-254,9520513	0,3045	NAN	
106	83,06970538	-254,781967	0,3045	NAN	
107	83,06970538	-255,6329151	0,3045	NAN	
108,015	83,16798854	-255,2923779	0,3045	NAN	
109	83,01547218	-253,2535733	0,3045	NAN	
110	83,16798854	-254,0728556	0,303	NAN	
111	83,16798854	-253,2535733	0,303	NAN	
112,017	83,16798854	-251,8985674	0,3045	NAN	
113	83,16798854	-252,4063019	0,303	NAN	
114	83,01547218	-252,5756514	0,3045	NAN	
115	83,06970538	-252,06776	0,303	NAN	
116	83,06970538	-251,3913035	0,3045	NAN	
117	83,06970538	-253,2535733	0,303	NAN	
118,008	82,97142308	-251,3913035	0,3045	NAN	
119	83,06970538	-251,5603392	0,303	NAN	
120	83,16798854	-251,0533887	0,3045	NAN	
121	83,06970538	-251,0533887	0,303	NAN	
122,015	82,91719034	-252,5464329	0,303	NAN	
123	83,06970538	-254,2720296	0,303	NAN	
124	82,97142308	-254,1021556	0,3045	NAN	
125	82,81890932	-256,1441164	0,303	NAN	
126,018	82,97142308	-256,8264569	0,303	NAN	
127	82,77486097	-256,485181	0,303	NAN	
128	82,91719034	-255,6329151	0,3015	NAN	
129	82,87314162	-256,1441164	0,303	NAN	
130	82,81890932	-254,1021556	0,303	NAN	
131	82,97142308	-254,2720296	0,303	NAN	
132,011	82,87314162	-253,9323341	0,3015	NAN	
133	82,77486097	-253,2535733	0,303	NAN	
134	82,87314162	-253,7332833	0,303	NAN	
135	82,87314162	-253,2535733	0,303	NAN	
136	82,97142308	-253,7625652	0,3015	NAN	
137,016	82,97142308	-253,2535733	0,303	NAN	
138	82,87314162	-254,1021556	0,3015	NAN	
139,026	82,97142308	-253,4231848	0,303	NAN	
140	83,06970538	-254,922706	0,3015	NAN	
141	82,87314162	-254,4419561	0,3015	NAN	
142	82,97142308	-252,8852709	0,303	NAN	
143,014	82,97142308	-251,0533887	0,3	NAN	
144,005	82,77486097	-252,7450533	0,3	NAN	
145	82,77486097	-252,5756514	0,3	NAN	
146	82,77486097	-252,9145076	0,3	NAN	
147,018	82,77486097	-253,2535733	0,3	NAN	
148	82,67658112	-253,7625652	0,2985	NAN	
149	82,57830205	-253,4231848	0,2985	NAN	
150	82,57830205	-254,9520513	0,3	NAN	
151	82,57830205	-254,4419561	0,2985	NAN	
152	82,48002374	-254,6119352	0,297	NAN	
153	82,38174617	-254,1021556	0,2985	NAN	
154	82,48002374	-255,1221882	0,2985	NAN	
155	82,28346932	-255,9736632	0,2985	NAN	
156	82,28346932	-255,9736632	0,2985	NAN	
157	82,32751598	-256,485181	0,2985	NAN	
158	82,28346932	-256,7970115	0,2985	NAN	
159,015	82,28346932	-257,1679442	0,2985	NAN	
160	82,28346932	-257,1679442	0,297	NAN	
161	82,18519317	-256,1441164	0,3	NAN	
162	82,28346932	-254,781967	0,2985	NAN	
163,02	82,28346932	-254,1021556	0,3	NAN	
164	82,38174617	-253,9323341	0,2985	NAN	
165	82,38174617	-255,2923779	0,2985	NAN	
166	82,38174617	-253,4231848	0,2985	NAN	
167,022	82,38174617	-253,4231848	0,3	NAN	
168	82,38174617	-252,9145076	0,3	NAN	
169	82,38174617	-253,0840142	0,3	NAN	
170	82,38174617	-252,9145076	0,303	NAN	
171	82,38174617	-254,2720296	0,303	NAN	
172	82,38174617	-253,9323341	0,2985	NAN	
173	82,28346932	-254,2720296	0,3	NAN	
174	82,28346932	-253,9323341	0,2985	NAN	
175	82,38174617	-252,7450533	0,297	NAN	
176,015	82,28346932	-253,2535733	0,2985	NAN	
177	82,38174617	-255,0928338	0,3	NAN	
178	82,28346932	-253,7625652	0,297	NAN	
179	82,28346932	-255,4626201	0,297	NAN	
180	82,28346932	-254,6119352	0,297	NAN	
181,019	82,18519317	-253,7625652	0,297	NAN	
182	82,18519317	-252,2370048	0,297	NAN	
183	82,18519317	-253,9323341	0,297	NAN	
184	82,18519317	-254,2720296	0,297	NAN	
185	82,08691771	-254,6119352	0,297	NAN	
186	82,08691771	-254,781967	0,297	NAN	
187	82,08691771	-255,8032628	0,2955	NAN	
188,019	82,08691771	-256,8264569	0,297	NAN	
189	82,08691771	-257,6805717	0,297	NAN	
190	82,08691771	-258,7072567	0,2955	NAN	
191	81,98864291	-257,6805717	0,2955	NAN	
192	81,98864291	-254,4419561	0,297	NAN	
193,016	81,89036875	-254,2720296	0,2955	NAN	
194	81,89036875	-253,7625652	0,2955	NAN	
195	81,89036875	-253,0840142	0,2955	NAN	
196	81,89036875	-254,2720296	0,2955	NAN	
197	81,89036875	-253,7625652	0,294	NAN	
198,017	81,89036875	-253,7625652	0,2955	NAN	
199	81,89036875	-253,9323341	0,2955	NAN	
200	81,89036875	-254,2720296	0,297	NAN	
201	81,79209522	-252,9145076	0,2955	NAN	
202	81,79209522	-252,5756514	0,2955	NAN	
203,02	81,79209522	-251,5603392	0,294	NAN	
204	81,89036875	-250,8845096	0,2955	NAN	
205	81,79209522	-251,7294272	0,2955	NAN	
206	81,79209522	-251,0533887	0,2955	NAN	
207	81,79209522	-250,0408962	0,2955	NAN	
208,021	81,89036875	-251,8985674	0,2955	NAN	
209	81,69382229	-251,0533887	0,294	NAN	
210	81,79209522	-252,06776	0,2955	NAN	
211	81,79209522	-252,5756514	0,2955	NAN	
212	81,79209522	-252,9145076	0,294	NAN	
213	81,69382229	-253,0840142	0,294	NAN	
214	81,69382229	-252,5756514	0,294	NAN	
215	81,59554995	-251,0533887	0,2925	NAN	
216	81,74800511	-250,8845096	0,2925	NAN	
217,022	81,69382229	-250,8845096	0,2925	NAN	
218,012	81,59554995	-250,2095147	0,2925	NAN	
219,001	81,69382229	-250,8845096	0,2925	NAN	
220	81,59554995	-250,7156827	0,2925	NAN	
221	81,69382229	-250,5469079	0,2925	NAN	
222	81,59554995	-250,7156827	0,291	NAN	
223	81,59554995	-250,8845096	0,2925	NAN	
224	81,59554995	-249,7038156	0,2925	NAN	
225	81,69382229	-250,2095147	0,2925	NAN	
226	81,59554995	-251,22232	0,294	NAN	
227	81,59554995	-250,0408962	0,2925	NAN	
228,02	81,49727818	-249,7038156	0,2925	NAN	
229	81,55146036	-250,5469079	0,2925	NAN	
230	81,59554995	-252,5464329	0,2925	NAN	
231	81,59554995	-251,5311748	0,2925	NAN	
232,015	81,59554995	-253,9323341	0,2925	NAN	
233	81,59554995	-253,4231848	0,2925	NAN	
234	81,49727818	-253,4231848	0,2925	NAN	
235,023	81,39900696	-254,2720296	0,2925	NAN	
236,012	81,39900696	-254,4419561	0,294	NAN	
237	81,39900696	-254,4419561	0,2925	NAN	
238	81,39900696	-254,1021556	0,2925	NAN	
239	81,35491786	-252,2370048	0,294	NAN	
240,012	81,25664739	-251,3913035	0,2925	NAN	
241	81,25664739	-252,4063019	0,2925	NAN	
242	81,20246608	-254,1021556	0,291	NAN	
243	81,20246608	-254,2720296	0,2925	NAN	
244	81,30073626	-252,9145076	0,2925	NAN	
245	81,20246608	-253,2535733	0,291	NAN	
246,022	81,20246608	-253,2535733	0,2925	NAN	
247,002	81,25664739	-253,9323341	0,291	NAN	
248	81,35491786	-254,4419561	0,2925	NAN	
249	81,35491786	-255,1221882	0,291	NAN	
250,017	81,30073626	-255,2923779	0,2925	NAN	
251	81,10419638	-254,2720296	0,291	NAN	
252	81,30073626	-255,6329151	0,2925	NAN	
253	81,39900696	-254,9520513	0,291	NAN	
254	81,30073626	-254,781967	0,291	NAN	
255	81,25664739	-253,2535733	0,291	NAN	
256	81,15837743	-253,9030432	0,2895	NAN	
257	81,25664739	-254,2720296	0,291	NAN	
258,013	81,10419638	-253,0840142	0,291	NAN	
259	81,15837743	-253,0547685	0,291	NAN	
260	81,20246608	-252,9447037	0,291	NAN	
261	81,25664739	-253,5928487	0,291	NAN	
262	81,35491786	-253,2535733	0,2895	NAN	
263,021	81,30073626	-255,0928338	0,291	NAN	
264	81,25664739	-255,2923779	0,2925	NAN	
265	81,25664739	-255,4626201	0,291	NAN	
266	81,15837743	-256,1441164	0,291	NAN	
267,005	81,25664739	-256,1441164	0,291	NAN	
268	81,15837743	-254,9520513	0,291	NAN	
269	81,06010794	-254,922706	0,291	NAN	
270	81,06010794	-254,9520513	0,291	NAN	
271,016	81,00592715	-255,6329151	0,291	NAN	
272	81,15837743	-255,2923779	0,2895	NAN	
273	80,96183892	-254,781967	0,291	NAN	
274	81,06010794	-255,6329151	0,291	NAN	
275	81,25664739	-255,9736632	0,291	NAN	
276	81,10419638	-256,485181	0,291	NAN	
277	81,10419638	-256,1441164	0,291	NAN	
278	81,10419638	-256,3146223	0,2895	NAN	
279	80,76530219	-255,4626201	0,291	NAN	
280,011	81,15837743	-255,8336181	0,291	NAN	
281	81,25664739	-255,8032628	0,2895	NAN	
282	81,15837743	-256,3146223	0,291	NAN	
283	81,15837743	-256,485181	0,2895	NAN	
284,008	81,06010794	-255,9736632	0,2895	NAN	
285	81,00592715	-255,2923779	0,2895	NAN	
286	81,06010794	-254,6119352	0,2895	NAN	
287	80,90765838	-253,4231848	0,2895	NAN	
288,018	80,96183892	-252,5756514	0,2895	NAN	
289,002	80,96183892	-252,5756514	0,291	NAN	
290	80,86357035	-253,2535733	0,2895	NAN	
291	80,96183892	-254,1021556	0,2895	NAN	
292	80,86357035	-254,1021556	0,2895	NAN	
293	81,06010794	-253,9323341	0,2895	NAN	
294	80,96183892	-254,4419561	0,2895	NAN	
295	80,96183892	-256,485181	0,2895	NAN	
296,022	80,96183892	-257,6805717	0,2895	NAN	
297	80,86357035	-257,5096429	0,2895	NAN	
298	80,61285457	-255,4626201	0,2895	NAN	
299	80,66703444	-255,9736632	0,2895	NAN	
300	80,56876708	-254,5826081	0,2895	NAN	
301	80,76530219	-252,9145076	0,288	NAN	
302,017	80,76530219	-252,5756514	0,288	NAN	
303,001	80,86357035	-251,7294272	0,288	NAN	
304	80,86357035	-251,7294272	0,288	NAN	
305	80,86357035	-251,7294272	0,2865	NAN	
306	80,76530219	-252,06776	0,2865	NAN	
307	80,96183892	-252,7450533	0,288	NAN	
308	80,86357035	-250,0408962	0,288	NAN	
309	80,71112211	-251,22232	0,2865	NAN	
310	80,86357035	-251,0533887	0,288	NAN	
311	80,76530219	-251,8985674	0,288	NAN	
312	80,76530219	-250,8845096	0,2865	NAN	
313	80,66703444	-250,3781852	0,2895	NAN	
314	80,56876708	-250,7156827	0,288	NAN	
315,018	80,71112211	-251,22232	0,2865	NAN	
316,005	80,80939004	-250,8845096	0,2865	NAN	
317	80,61285457	-251,22232	0,288	NAN	
318	80,56876708	-250,5469079	0,2865	NAN	
319	80,56876708	-251,0533887	0,288	NAN	
320,002	80,56876708	-250,5469079	0,288	NAN	
321	80,76530219	-249,0302784	0,2865	NAN	
322	80,66703444	-249,5353533	0,2865	NAN	
323	80,56876708	-250,7156827	0,2865	NAN	
324	80,76530219	-251,8985674	0,288	NAN	
325,002	80,76530219	-252,5756514	0,2865	NAN	
326	80,76530219	-252,4063019	0,288	NAN	
327	80,86357035	-251,8985674	0,2865	NAN	
328	80,76530219	-251,0533887	0,2865	NAN	
329	80,66703444	-250,3781852	0,288	NAN	
330,011	80,66703444	-249,8723299	0,2865	NAN	
331	80,72116974	-249,0302784	0,288	NAN	
332	80,66703444	-249,0302784	0,2865	NAN	
333	80,66703444	-249,0302784	0,2865	NAN	
334,002	80,66703444	-249,5353533	0,2865	NAN	
335,019	80,56876708	-248,8620241	0,288	NAN	
336,009	80,47050008	-249,8432554	0,2865	NAN	
337	80,2739671	-250,2095147	0,2865	NAN	
338	80,17570108	-249,7038156	0,2865	NAN	
339	80,2739671	-248,8620241	0,285	NAN	
340	80,37223342	-247,5178576	0,285	NAN	
341	80,2739671	-248,1895259	0,285	NAN	
342	80,17570108	-249,366943	0,285	NAN	
343	80,13156955	-251,0533887	0,2865	NAN	
344,012	80,07743535	-249,8723299	0,285	NAN	
345	80,2739671	-250,2095147	0,285	NAN	
346	80,02325654	-248,1895259	0,285	NAN	
347	80,47050008	-246,5119082	0,285	NAN	
348,014	80,47050008	-247,0146501	0,285	NAN	
349	80,52463496	-248,5256712	0,2835	NAN	
350	80,37223342	-250,7156827	0,2835	NAN	
351	80,37223342	-250,2095147	0,2835	NAN	
352	80,2739671	-250,5469079	0,2835	NAN	
353	80,2739671	-251,3913035	0,282	NAN	
354	80,2739671	-250,8553812	0,2835	NAN	
355,006	80,17570108	-251,5603392	0,282	NAN	
356	80,17570108	-251,22232	0,282	NAN	
357	80,2739671	-248,1895259	0,2835	NAN	
358	80,17570108	-250,0408962	0,2805	NAN	
359,011	80,2739671	-249,5353533	0,282	NAN	
360	80,17570108	-249,366943	0,282	NAN	
361	80,17570108	-250,3781852	0,2805	NAN	
362	80,17570108	-252,06776	0,282	NAN	
363	80,17570108	-252,9145076	0,282	NAN	
364	80,07743535	-254,2720296	0,282	NAN	
365	80,07743535	-253,7625652	0,282	NAN	
366	80,07743535	-252,9145076	0,282	NAN	
367	79,97916989	-253,0840142	0,282	NAN	
368	80,07743535	-252,7450533	0,2805	NAN	
369	80,07743535	-253,9323341	0,282	NAN	
370	80,07743535	-254,6119352	0,2835	NAN	
371	80,2739671	-253,9323341	0,2835	NAN	
372	80,2739671	-252,06776	0,285	NAN	
373	80,17570108	-252,7450533	0,282	NAN	
374	80,17570108	-253,0840142	0,2835	NAN	
375	80,17570108	-253,9323341	0,2805	NAN	
376,019	80,2739671	-252,9145076	0,282	NAN	
377	80,17570108	-252,4063019	0,2805	NAN	
378	80,17570108	-252,2370048	0,2805	NAN	
379	80,07743535	-251,8985674	0,2805	NAN	
380	80,07743535	-253,2535733	0,2805	NAN	
381,012	79,88090468	-253,9323341	0,279	NAN	
382	79,97916989	-252,9145076	0,279	NAN	
383	79,97916989	-254,2720296	0,279	NAN	
384	79,7826397	-252,5756514	0,2805	NAN	
385	79,7826397	-252,5756514	0,279	NAN	
386,006	79,7826397	-252,4063019	0,2805	NAN	
387	79,88090468	-253,0840142	0,279	NAN	
388	79,88090468	-252,7450533	0,2805	NAN	
389	79,7826397	-251,3913035	0,2805	NAN	
390	79,7826397	-251,0533887	0,2805	NAN	
391	79,7826397	-249,5353533	0,2805	NAN	
392	79,7826397	-250,5469079	0,2805	NAN	
393	79,58611035	-249,5353533	0,2805	NAN	
394	79,7826397	-251,22232	0,2805	NAN	
395	79,73850861	-253,2535733	0,282	NAN	
396	79,68437493	-254,1021556	0,2835	NAN	
397	79,7826397	-253,5928487	0,2865	NAN	
398,01	79,73850861	-252,9145076	0,2865	NAN	
399	79,73850861	-251,8985674	0,2865	NAN	
400	79,58611035	-251,3913035	0,288	NAN	
401	79,48784595	-251,8985674	0,288	NAN	
402,02	79,48784595	-251,8985674	0,2895	NAN	
403	79,48784595	-250,8845096	0,2895	NAN	
404	79,58611035	-251,0533887	0,288	NAN	
405	79,58611035	-251,0533887	0,2895	NAN	
406	79,58611035	-251,7294272	0,2895	NAN	
407,021	79,58611035	-251,8985674	0,2895	NAN	
408,022	79,58611035	-251,7294272	0,288	NAN	
409	79,64024393	-250,7156827	0,2895	NAN	
410	79,48784595	-251,8985674	0,2895	NAN	
411	79,58611035	-251,8985674	0,2895	NAN	
412	79,48784595	-251,22232	0,2895	NAN	
413	79,3895817	-252,4063019	0,2925	NAN	
414,015	79,4437151	-251,5603392	0,291	NAN	
415	79,4437151	-253,2535733	0,291	NAN	
416	79,54197943	-253,2535733	0,2895	NAN	
417	79,48784595	-252,9145076	0,288	NAN	
418	79,3895817	-251,7294272	0,285	NAN	
419,016	79,19305358	-252,7450533	0,285	NAN	
420	79,29131758	-252,4063019	0,2835	NAN	
421	79,19305358	-253,0840142	0,282	NAN	
422	79,29131758	-253,0547685	0,282	NAN	
423	79,34545091	-252,7450533	0,2805	NAN	
424	79,24718685	-252,7450533	0,2805	NAN	
425	79,19305358	-252,2370048	0,2805	NAN	
426	79,29131758	-253,2535733	0,2805	NAN	
427,01	79,19305358	-252,7450533	0,2805	NAN	
428	79,24718685	-250,5769736	0,279	NAN	
429	79,19305358	-252,0979094	0,279	NAN	
430	79,19305358	-253,4231848	0,279	NAN	
431	79,29131758	-252,9145076	0,279	NAN	
432,006	79,34545091	-252,2370048	0,279	NAN	
433	79,34545091	-253,2535733	0,279	NAN	
434	79,19305358	-252,7450533	0,2775	NAN	
435	79,09478968	-252,7450533	0,279	NAN	
436	79,1489229	-252,9145076	0,2775	NAN	
437,015	79,09478968	-251,7294272	0,2775	NAN	
438	79,19305358	-251,0533887	0,2775	NAN	
439	79,24718685	-251,0533887	0,2775	NAN	
440	79,09478968	-250,3781852	0,276	NAN	
441,017	79,19305358	-249,1985847	0,276	NAN	
442	79,24718685	-250,2095147	0,276	NAN	
443	79,34545091	-251,5603392	0,276	NAN	
444	79,19305358	-250,8845096	0,276	NAN	
445	79,19305358	-249,7038156	0,2745	NAN	
446	79,19305358	-249,8723299	0,276	NAN	
447,02	79,05065903	-252,2370048	0,276	NAN	
448,006	79,05065903	-253,393921	0,2745	NAN	
449,002	79,09478968	-252,4063019	0,2745	NAN	
450	79,1489229	-252,7450533	0,2745	NAN	
451	79,19305358	-252,2370048	0,2745	NAN	
452,02	78,95239523	-252,4063019	0,2745	NAN	
453,003	78,89826208	-251,3913035	0,276	NAN	
454	78,95239523	-251,5603392	0,276	NAN	
455	78,99652585	-251,3913035	0,2745	NAN	
456	79,05065903	-251,0533887	0,2745	NAN	
457	78,99652585	-251,0533887	0,2745	NAN	
458,016	78,79999835	-251,22232	0,276	NAN	
459	78,79999835	-251,0533887	0,276	NAN	
460	78,70173463	-250,8845096	0,2745	NAN	
461	78,70173463	-252,5756514	0,276	NAN	
462	78,95239523	-252,2370048	0,276	NAN	
463	79,05065903	-252,5756514	0,2745	NAN	
464	79,1489229	-252,2370048	0,2745	NAN	
465	79,24718685	-250,3781852	0,2745	NAN	
466	79,1489229	-251,0533887	0,273	NAN	
467	79,1489229	-250,7156827	0,273	NAN	
468	78,99652585	-250,5469079	0,273	NAN	
469	79,1489229	-249,8723299	0,273	NAN	
470	79,05065903	-250,7156827	0,2715	NAN	
471	79,05065903	-251,5603392	0,2715	NAN	
472	79,09478968	-251,0533887	0,273	NAN	
473	79,09478968	-251,0533887	0,273	NAN	
474	78,89826208	-249,8723299	0,273	NAN	
475,02	78,99652585	-251,0533887	0,273	NAN	
476	79,09478968	-251,0533887	0,273	NAN	
477	78,79999835	-250,5469079	0,273	NAN	
478	78,70173463	-249,5353533	0,273	NAN	
479	78,85413148	-249,8723299	0,273	NAN	
480	78,85413148	-248,1895259	0,273	NAN	
481	78,99652585	-247,8535881	0,273	NAN	
482	79,1489229	-248,6938217	0,2715	NAN	
483	78,99652585	-249,366943	0,273	NAN	
484	78,99652585	-249,5353533	0,273	NAN	
485,005	78,99652585	-249,5353533	0,2715	NAN	
486	78,95239523	-249,366943	0,2715	NAN	
487	78,95239523	-249,366943	0,2715	NAN	
488	78,95239523	-249,8723299	0,2715	NAN	
489	78,95239523	-249,7038156	0,273	NAN	
490	78,99652585	-249,5353533	0,2715	NAN	
491	78,70173463	-249,1985847	0,273	NAN	
492	78,79999835	-248,4966685	0,2715	NAN	
493	78,70173463	-246,8470178	0,2715	NAN	
494	78,60347092	-249,0302784	0,2715	NAN	
495	78,40694341	-248,1895259	0,2715	NAN	
496	78,46107657	-248,1895259	0,2715	NAN	
497	78,40694341	-247,0146501	0,2715	NAN	
498	78,50520718	-247,0146501	0,273	NAN	
499	78,50520718	-248,8620241	0,273	NAN	
500	78,60347092	-250,0408962	0,273	NAN	
501,022	78,46107657	-250,7156827	0,2715	NAN	
502	78,46107657	-249,366943	0,2715	NAN	
503	78,46107657	-247,8535881	0,2745	NAN	
504	78,55934032	-248,6938217	0,273	NAN	
505,019	78,40694341	-248,0215311	0,273	NAN	
506	78,60347092	-246,8470178	0,273	NAN	
507	78,65760404	-247,3211299	0,2715	NAN	
508	78,46107657	-246,5119082	0,2715	NAN	
509,021	78,75586776	-247,5178576	0,2715	NAN	
510	78,85413148	-247,0146501	0,2715	NAN	
511	78,70173463	-248,0215311	0,2715	NAN	
512	78,70173463	-248,3575726	0,27	NAN	
513	78,70173463	-248,3575726	0,2715	NAN	
514	78,65760404	-248,0215311	0,27	NAN	
515	78,60347092	-248,4966685	0,27	NAN	
516	78,75586776	-247,35007	0,2715	NAN	
517,018	78,55934032	-246,8470178	0,27	NAN	
518	78,40694341	-247,6856969	0,2715	NAN	
519	78,55934032	-250,5469079	0,27	NAN	
520	78,65760404	-251,8985674	0,2715	NAN	
521	78,55934032	-252,9145076	0,27	NAN	
522	78,40694341	-252,2370048	0,27	NAN	
523,014	78,40694341	-250,2095147	0,2685	NAN	
524	78,46107657	-249,8723299	0,27	NAN	
525	78,50520718	-251,22232	0,2685	NAN	
526	78,50520718	-250,8553812	0,27	NAN	
527	78,60347092	-250,2095147	0,27	NAN	
528	78,50520718	-250,0408962	0,27	NAN	
529	78,50520718	-250,0408962	0,27	NAN	
530	78,46107657	-249,8723299	0,27	NAN	
531	78,36281278	-250,8845096	0,27	NAN	
532,015	78,36281278	-251,22232	0,27	NAN	
533	78,46107657	-251,22232	0,27	NAN	
534	78,26454891	-250,8845096	0,27	NAN	
535	78,46107657	-251,5603392	0,27	NAN	
536	78,36281278	-251,5311748	0,27	NAN	
537	78,21041567	-250,8845096	0,27	NAN	
538	78,21041567	-250,7156827	0,27	NAN	
539	78,16628496	-250,7156827	0,2715	NAN	
540	78,26454891	-249,5353533	0,27	NAN	
541	78,26454891	-250,8845096	0,27	NAN	
542	78,21041567	-251,3913035	0,2685	NAN	
543	78,30867958	-253,9323341	0,27	NAN	
544,018	78,16628496	-252,9145076	0,27	NAN	
545,003	78,21041567	-252,2370048	0,27	NAN	
546	78,26454891	-252,4063019	0,27	NAN	
547	78,0680209	-253,5928487	0,27	NAN	
548	78,11215166	-252,2370048	0,2685	NAN	
549	78,30867958	-250,8845096	0,27	NAN	
550	78,46107657	-249,6747501	0,27	NAN	
551	78,36281278	-248,6938217	0,2685	NAN	
552	78,26454891	-248,1895259	0,27	NAN	
553	78,26454891	-249,7038156	0,27	NAN	
554,015	78,26454891	-250,7156827	0,27	NAN	
555,006	78,26454891	-248,5256712	0,2685	NAN	
556	78,01388754	-249,1985847	0,2685	NAN	
557	78,16628496	-249,8723299	0,2685	NAN	
558	78,11215166	-249,1985847	0,2685	NAN	
559	78,16628496	-248,6938217	0,267	NAN	
560	78,0680209	-249,0302784	0,27	NAN	
561	77,96975672	-249,366943	0,267	NAN	
562	77,96975672	-249,1985847	0,267	NAN	
563,016	78,01388754	-250,3781852	0,267	NAN	
564,005	78,0680209	-251,0533887	0,267	NAN	
565	78,16628496	-250,5469079	0,267	NAN	
566	78,16628496	-251,8985674	0,2685	NAN	
567	78,0680209	-251,869385	0,267	NAN	
568	78,11215166	-251,8985674	0,267	NAN	
569	77,87149239	-252,5464329	0,267	NAN	
570	77,96975672	-250,8845096	0,267	NAN	
571	77,96975672	-250,2095147	0,267	NAN	
572	77,96975672	-251,3913035	0,267	NAN	
573,021	78,0680209	-252,06776	0,267	NAN	
574	78,0680209	-251,8985674	0,267	NAN	
575	77,96975672	-251,0834823	0,2655	NAN	
576	77,91562328	-250,7156827	0,2655	NAN	
577	77,96975672	-249,7038156	0,2655	NAN	
578	77,96975672	-251,0533887	0,2655	NAN	
579	77,91562328	-250,7156827	0,267	NAN	
580	77,96975672	-252,5756514	0,2655	NAN	
581	77,96975672	-252,2370048	0,264	NAN	
582,017	77,87149239	-251,22232	0,2655	NAN	
583,007	77,81735887	-251,3913035	0,2655	NAN	
584	77,7732279	-251,8985674	0,2655	NAN	
585	77,87149239	-251,7294272	0,2655	NAN	
586	77,87149239	-251,8985674	0,264	NAN	
587	77,7732279	-252,06776	0,2655	NAN	
588,002	77,87149239	-251,22232	0,2655	NAN	
589	77,87149239	-248,0215311	0,267	NAN	
590	77,87149239	-247,8535881	0,2655	NAN	
591	77,7732279	-248,1895259	0,2655	NAN	
592	77,7732279	-249,7038156	0,2655	NAN	
593	77,7732279	-251,5311748	0,267	NAN	
594	77,67496323	-250,8845096	0,2655	NAN	
595	77,7732279	-250,5469079	0,267	NAN	
596	77,7732279	-250,5469079	0,2655	NAN	
597	77,7732279	-250,8845096	0,2655	NAN	
598	77,7732279	-250,3781852	0,267	NAN	
599	77,67496323	-251,0834823	0,267	NAN	
600,015	77,67496323	-253,2535733	0,2655	NAN	
601	77,67496323	-254,1021556	0,267	NAN	
602	77,57669836	-253,9323341	0,267	NAN	
603	77,67496323	-252,7450533	0,2655	NAN	
604	77,57669836	-251,22232	0,267	NAN	
605	77,57669836	-251,7294272	0,2655	NAN	
606,023	77,57669836	-253,2535733	0,2685	NAN	
607,002	77,57669836	-252,2370048	0,2655	NAN	
608	77,57669836	-251,5603392	0,267	NAN	
609	77,47843326	-251,1931736	0,2655	NAN	
610,019	77,47843326	-250,0408962	0,2655	NAN	
611	77,57669836	-251,3913035	0,2655	NAN	
612	77,57669836	-250,7156827	0,267	NAN	
613	77,47843326	-250,0408962	0,2655	NAN	
614	77,47843326	-250,7156827	0,2655	NAN	
615,001	77,38016793	-252,2370048	0,2655	NAN	
616	77,38016793	-251,22232	0,2655	NAN	
617	77,38016793	-250,8845096	0,264	NAN	
618	77,28190233	-250,7156827	0,264	NAN	
619	77,38016793	-251,8985674	0,264	NAN	
620	77,38016793	-251,22232	0,264	NAN	
621	77,38016793	-250,2095147	0,264	NAN	
622	77,38016793	-251,22232	0,264	NAN	
623	77,28190233	-250,7156827	0,264	NAN	
624	77,28190233	-252,2370048	0,264	NAN	
625,001	77,38016793	-253,0840142	0,264	NAN	
626	77,28190233	-255,4626201	0,264	NAN	
627	77,28190233	-254,781967	0,2655	NAN	
628,024	77,3260338	-255,1221882	0,264	NAN	
629,015	77,28190233	-255,8032628	0,264	NAN	
630	77,28190233	-256,1441164	0,264	NAN	
631	77,28190233	-254,781967	0,264	NAN	
632	77,18363645	-254,9520513	0,267	NAN	
633	77,28190233	-252,9145076	0,2655	NAN	
634	77,28190233	-252,4063019	0,264	NAN	
635	77,28190233	-251,22232	0,264	NAN	
636	77,18363645	-253,7625652	0,264	NAN	
637	77,18363645	-254,6119352	0,264	NAN	
638	77,18363645	-253,5928487	0,264	NAN	
639	77,18363645	-253,2535733	0,264	NAN	
640	77,18363645	-253,2535733	0,2655	NAN	
641	77,18363645	-253,2535733	0,2655	NAN	
642	77,18363645	-252,4063019	0,264	NAN	
643,009	77,18363645	-251,5603392	0,2655	NAN	
644	77,28190233	-251,7294272	0,2655	NAN	
645	77,18363645	-250,7156827	0,2655	NAN	
646	77,28190233	-250,7156827	0,2655	NAN	
647,004	77,18363645	-250,8845096	0,267	NAN	
648	77,08537028	-251,7294272	0,2655	NAN	
649	77,08537028	-252,5756514	0,2655	NAN	
650	77,08537028	-252,06776	0,2655	NAN	
651	77,18363645	-253,2535733	0,2655	NAN	
652,022	77,28190233	-253,0840142	0,264	NAN	
653	77,08537028	-252,9145076	0,2655	NAN	
654	77,08537028	-254,2720296	0,2655	NAN	
655	77,08537028	-254,6119352	0,264	NAN	
656	77,18363645	-254,4419561	0,264	NAN	
657,016	77,28190233	-254,4419561	0,264	NAN	
658	77,12950201	-254,781967	0,264	NAN	
659	77,03123567	-253,4231848	0,264	NAN	
660	76,98710379	-251,8985674	0,264	NAN	
661	76,98710379	-251,8985674	0,2625	NAN	
662,009	77,18363645	-252,9145076	0,2625	NAN	
663	77,18363645	-253,0840142	0,261	NAN	
664	77,28190233	-251,8985674	0,2625	NAN	
665	77,08537028	-250,8845096	0,261	NAN	
666	77,04119415	-250,7156827	0,261	NAN	
667	76,88883696	-250,5469079	0,261	NAN	
668	76,88883696	-249,5353533	0,2595	NAN	
669	76,88883696	-250,3781852	0,2595	NAN	
670	76,88883696	-250,2095147	0,261	NAN	
671	77,08537028	-250,3781852	0,2595	NAN	
672,013	76,98710379	-251,0533887	0,261	NAN	
673	76,98710379	-250,2095147	0,2595	NAN	
674	76,69230222	-250,3781852	0,258	NAN	
675	76,69230222	-251,7294272	0,2595	NAN	
676	76,59403426	-251,22232	0,2625	NAN	
677,021	76,59403426	-250,0408962	0,2595	NAN	
678	76,69230222	-249,8723299	0,2595	NAN	
679	76,84466052	-249,5353533	0,2595	NAN	
680	76,79056978	-250,0408962	0,2595	NAN	
681	76,88883696	-250,8845096	0,2595	NAN	
682	76,98710379	-251,5603392	0,2595	NAN	
683	76,79056978	-250,2095147	0,261	NAN	
684	76,98710379	-250,2095147	0,2595	NAN	
685	77,04119415	-249,366943	0,2595	NAN	
686,018	77,08537028	-248,8620241	0,258	NAN	
687	77,08537028	-249,8723299	0,258	NAN	
688	77,13946046	-250,7156827	0,258	NAN	
689	77,04119415	-251,22232	0,258	NAN	
690	77,04119415	-252,5756514	0,258	NAN	
691	76,94292751	-253,0840142	0,258	NAN	
692	76,84466052	-252,5756514	0,258	NAN	
693,018	76,84466052	-252,7450533	0,258	NAN	
694	76,79056978	-252,4063019	0,258	NAN	
695	76,69230222	-253,0840142	0,258	NAN	
696	76,79056978	-253,2535733	0,2565	NAN	
697,019	76,88883696	-252,06776	0,258	NAN	
698,006	76,88883696	-253,5928487	0,2565	NAN	
699	76,98710379	-254,1021556	0,258	NAN	
700	76,88883696	-253,7625652	0,258	NAN	
701	76,84466052	-252,7450533	0,2595	NAN	
702,011	76,84466052	-252,7450533	0,261	NAN	
703	76,84466052	-252,06776	0,261	NAN	
704	76,54985729	-251,3913035	0,261	NAN	
705	76,74639317	-251,3913035	0,261	NAN	
706	76,54985729	-252,06776	0,2625	NAN	
707	76,74639317	-251,8985674	0,261	NAN	
708	76,69230222	-250,7156827	0,2625	NAN	
709	76,79056978	-250,7156827	0,261	NAN	
710	76,59403426	-250,2095147	0,261	NAN	
711	76,39749709	-250,0408962	0,2625	NAN	
712,021	76,54985729	-251,0533887	0,2625	NAN	
713	76,79056978	-251,5603392	0,2625	NAN	
714	76,84466052	-250,8845096	0,261	NAN	
715	76,79056978	-250,6865633	0,261	NAN	
716,009	76,69230222	-250,7156827	0,261	NAN	
717	76,69230222	-250,3781852	0,261	NAN	
718	76,49576589	-252,2370048	0,2625	NAN	
719	76,39749709	-251,3913035	0,2625	NAN	
720	76,49576589	-251,3913035	0,264	NAN	
721	76,69230222	-253,4231848	0,2625	NAN	
722	76,69230222	-252,7450533	0,261	NAN	
723,021	76,69230222	-253,0840142	0,261	NAN	
724,001	76,69230222	-252,06776	0,2595	NAN	
725	76,79056978	-252,5464329	0,258	NAN	
726	76,69230222	-252,7450533	0,258	NAN	
727	76,69230222	-252,2370048	0,2565	NAN	
728,016	76,39749709	-252,2370048	0,2595	NAN	
729	76,29922783	-251,3913035	0,258	NAN	
730	76,29922783	-251,3913035	0,258	NAN	
731	76,29922783	-250,2095147	0,258	NAN	
732,018	76,39749709	-249,5353533	0,258	NAN	
733	76,29922783	-249,366943	0,2595	NAN	
734	76,2009581	-249,1985847	0,2565	NAN	
735	76,2009581	-249,1985847	0,258	NAN	
736	76,2009581	-249,366943	0,258	NAN	
737,004	76,25505026	-250,8845096	0,2565	NAN	
738	76,2009581	-250,7156827	0,2565	NAN	
739	76,29922783	-250,8845096	0,258	NAN	
740	76,35331973	-250,8845096	0,2565	NAN	
741	76,39749709	-251,22232	0,255	NAN	
742,002	76,35331973	-250,5469079	0,2565	NAN	
743,013	76,10268789	-250,5469079	0,255	NAN	
744,001	76,15678032	-249,366943	0,255	NAN	
745	76,05850987	-250,2095147	0,255	NAN	
746	76,2009581	-249,7038156	0,255	NAN	
747	76,29922783	-249,1985847	0,2565	NAN	
748	76,39749709	-250,5469079	0,2535	NAN	
749	76,39749709	-251,22232	0,255	NAN	
750,009	76,35331973	-250,8845096	0,2535	NAN	
751,001	76,29922783	-252,06776	0,2535	NAN	
752,002	76,29922783	-251,7294272	0,252	NAN	
753,012	76,35331973	-251,3913035	0,252	NAN	
754,004	76,2009581	-252,5756514	0,2535	NAN	
755	76,2009581	-253,2535733	0,252	NAN	
756	76,35331973	-253,2535733	0,252	NAN	
757	76,29922783	-252,06776	0,252	NAN	
758	76,29922783	-251,8985674	0,252	NAN	
759	76,2009581	-251,5603392	0,2535	NAN	
760,014	76,29922783	-253,2535733	0,252	NAN	
761	76,29922783	-253,4231848	0,252	NAN	
762	76,2009581	-252,7450533	0,252	NAN	
763	76,2009581	-250,8845096	0,2535	NAN	
764	76,2009581	-250,5469079	0,255	NAN	
765	76,29922783	-249,8723299	0,2535	NAN	
766	76,2009581	-249,5353533	0,252	NAN	
767,014	76,2009581	-248,3575726	0,252	NAN	
768	76,2009581	-248,5256712	0,252	NAN	
769	76,25505026	-248,5256712	0,252	NAN	
770	76,2009581	-248,3575726	0,252	NAN	
771	76,29922783	-247,8535881	0,2535	NAN	
772	76,2009581	-249,366943	0,2535	NAN	
773,014	76,2009581	-249,366943	0,252	NAN	
774	76,2009581	-249,1695462	0,2535	NAN	
775	76,15678032	-250,0408962	0,252	NAN	
776	76,15678032	-248,3575726	0,252	NAN	
777	76,00441716	-247,8535881	0,2535	NAN	
778	76,05850987	-246,5119082	0,252	NAN	
779,01	76,00441716	-246,3444309	0,2535	NAN	
780	76,05850987	-247,35007	0,2535	NAN	
781	76,10268789	-247,6856969	0,2535	NAN	
782	76,15678032	-248,5256712	0,2535	NAN	
783,018	76,10268789	-250,3781852	0,2535	NAN	
784	75,9061459	-249,366943	0,2535	NAN	
785	75,9061459	-248,6938217	0,2535	NAN	
786,018	75,80787409	-250,1804223	0,2535	NAN	
787	75,70960171	-251,3913035	0,2535	NAN	
788	75,6654227	-250,7156827	0,255	NAN	
789	75,6654227	-249,8723299	0,252	NAN	
790	75,6654227	-250,2095147	0,255	NAN	
791,009	75,76369534	-249,366943	0,2535	NAN	
792	75,70960171	-249,366943	0,2535	NAN	
793	75,80787409	-248,6938217	0,2535	NAN	
794,019	75,8619674	-248,5256712	0,252	NAN	
795,014	75,70960171	-249,1985847	0,2535	NAN	
796	75,9061459	-248,8620241	0,252	NAN	
797	75,8619674	-249,0012489	0,252	NAN	
798	75,61132875	-248,8620241	0,2505	NAN	
799	75,61132875	-248,0215311	0,252	NAN	
800	75,70960171	-248,4966685	0,252	NAN	
801	75,96023891	-246,6794371	0,252	NAN	
802	75,80787409	-250,1804223	0,2535	NAN	
803,009	75,9061459	-250,3781852	0,2505	NAN	
804	75,9061459	-250,1804223	0,252	NAN	
805	75,96023891	-247,5178576	0,252	NAN	
806,004	75,80787409	-248,5256712	0,2505	NAN	
807	75,76369534	-248,5256712	0,2505	NAN	
808	75,70960171	-248,0215311	0,2505	NAN	
809	75,8619674	-246,5119082	0,2505	NAN	
810	75,70960171	-246,1770052	0,2505	NAN	
811	75,51305518	-246,0096312	0,2505	NAN	
812,016	75,41478098	-247,1823342	0,2505	NAN	
813	75,56714947	-247,35007	0,2505	NAN	
814	75,70960171	-248,6938217	0,249	NAN	
815	75,46887562	-249,1985847	0,249	NAN	
816	75,51305518	-248,8620241	0,249	NAN	
817	75,70960171	-248,1895259	0,2505	NAN	
818	75,80787409	-249,1985847	0,249	NAN	
819	75,80787409	-249,1985847	0,2505	NAN	
820	75,70960171	-248,8620241	0,2505	NAN	
821,022	75,80787409	-249,1985847	0,2505	NAN	
822	75,8619674	-249,366943	0,249	NAN	
823	75,76369534	-250,7156827	0,249	NAN	
824	75,8619674	-250,2095147	0,249	NAN	
825,022	75,70960171	-250,0408962	0,249	NAN	
826	75,96023891	-249,8723299	0,2475	NAN	
827	75,76369534	-248,1895259	0,249	NAN	
828	75,70960171	-246,1770052	0,249	NAN	
829,015	75,76369534	-247,5178576	0,2475	NAN	
830	75,70960171	-248,4966685	0,249	NAN	
831	75,70960171	-249,366943	0,249	NAN	
832	75,76369534	-248,8620241	0,249	NAN	
833,015	75,61132875	-250,2095147	0,249	NAN	
834	75,51305518	-249,366943	0,249	NAN	
835	75,6654227	-249,7038156	0,2505	NAN	
836	75,76369534	-250,2095147	0,249	NAN	
837	75,61132875	-250,2095147	0,249	NAN	
838	75,46887562	-250,2095147	0,249	NAN	
839,016	75,21823063	-251,5603392	0,249	NAN	
840	75,46887562	-251,0533887	0,2475	NAN	
841	75,70960171	-250,2095147	0,2475	NAN	
842	75,56714947	-248,6938217	0,2475	NAN	
843	75,46887562	-248,8620241	0,249	NAN	
844	75,51305518	-250,0408962	0,2475	NAN	
845	75,51305518	-250,3781852	0,249	NAN	
846	75,51305518	-249,1985847	0,2475	NAN	
847	75,56714947	-249,7038156	0,2475	NAN	
848	75,56714947	-248,8620241	0,249	NAN	
849	75,51305518	-249,5353533	0,249	NAN	
850,005	75,51305518	-250,5177975	0,2475	NAN	
851	75,56714947	-249,5353533	0,2475	NAN	
852	75,37060113	-250,7156827	0,2475	NAN	
853	75,37060113	-249,7038156	0,2475	NAN	
854	75,272326	-249,1985847	0,2475	NAN	
855	75,272326	-249,0302784	0,2475	NAN	
856,017	75,37060113	-250,2095147	0,2475	NAN	
857	75,21823063	-249,1985847	0,2475	NAN	
858	75,17405018	-249,0302784	0,2475	NAN	
859	75,272326	-249,8432554	0,2475	NAN	
860	75,272326	-249,1985847	0,2475	NAN	
861	75,17405018	-250,2095147	0,2475	NAN	
862,009	75,21823063	-249,366943	0,246	NAN	
863	75,07577368	-249,1985847	0,246	NAN	
864	75,17405018	-249,366943	0,246	NAN	
865,02	75,02167755	-249,366943	0,2475	NAN	
866	75,02167755	-248,8620241	0,2475	NAN	
867	75,02167755	-250,8845096	0,2475	NAN	
868	75,02167755	-251,5603392	0,2475	NAN	
869	75,02167755	-250,8845096	0,246	NAN	
870,016	74,82512157	-251,22232	0,246	NAN	
871	74,87921851	-250,3781852	0,246	NAN	
872	74,92339993	-249,366943	0,2475	NAN	
873	74,87921851	-249,1985847	0,246	NAN	
874	74,82512157	-249,366943	0,246	NAN	
875	74,92339993	-250,0408962	0,2475	NAN	
876	74,97749646	-250,7156827	0,2475	NAN	
877	75,02167755	-250,7156827	0,246	NAN	
878,018	74,97749646	-250,6865633	0,2475	NAN	
879	74,97749646	-248,8620241	0,2475	NAN	
880	74,97749646	-249,0302784	0,246	NAN	
881	74,97749646	-248,5256712	0,2475	NAN	
882,023	75,07577368	-250,0408962	0,2475	NAN	
883,006	74,92339993	-251,0242513	0,2475	NAN	
884	75,07577368	-250,3781852	0,249	NAN	
885	75,17405018	-251,22232	0,246	NAN	
886	75,17405018	-251,0533887	0,2475	NAN	
887,01	75,07577368	-250,2095147	0,2475	NAN	
888	75,07577368	-251,0533887	0,246	NAN	
889	75,07577368	-251,3913035	0,246	NAN	
890	74,92339993	-251,7294272	0,246	NAN	
891	74,97749646	-252,2370048	0,246	NAN	
892	74,87921851	-251,22232	0,246	NAN	
893,02	74,82512157	-249,5353533	0,246	NAN	
894,008	74,87921851	-249,1985847	0,246	NAN	
895	74,87921851	-250,0408962	0,246	NAN	
896	74,87921851	-249,366943	0,246	NAN	
897	74,97749646	-249,7038156	0,2475	NAN	
898	74,97749646	-249,1985847	0,2475	NAN	
899,02	74,97749646	-248,3575726	0,246	NAN	
900	74,92339993	-247,35007	0,246	NAN	
901	74,87921851	-248,3575726	0,246	NAN	
902	74,72684245	-249,0302784	0,246	NAN	
903	74,78093981	-249,8723299	0,2475	NAN	
904	74,78093981	-249,8723299	0,246	NAN	
905,021	74,72684245	-247,6856969	0,2475	NAN	
906,014	74,68266034	-248,3575726	0,246	NAN	
907	74,68266034	-249,0302784	0,2475	NAN	
908	74,68266034	-250,5177975	0,2475	NAN	
909	74,58438009	-250,2095147	0,2475	NAN	
910,021	74,68266034	-248,8620241	0,2475	NAN	
911	74,68266034	-249,5062968	0,249	NAN	
912	74,53028185	-248,8620241	0,246	NAN	
913	74,58438009	-249,5353533	0,249	NAN	
914	74,53028185	-249,5353533	0,246	NAN	
915	74,58438009	-248,66481	0,246	NAN	
916	74,53028185	-249,0012489	0,246	NAN	
917	74,62856255	-248,8620241	0,246	NAN	
918	74,58438009	-249,5353533	0,246	NAN	
919	74,58438009	-247,5178576	0,246	NAN	
920,019	74,48609902	-248,3575726	0,246	NAN	
921	74,43200033	-247,6856969	0,2445	NAN	
922	74,48609902	-248,6938217	0,246	NAN	
923	74,48609902	-249,8723299	0,2445	NAN	
924	74,33371797	-250,3781852	0,2475	NAN	
925,016	74,38781713	-250,7156827	0,2445	NAN	
926	74,23543476	-251,22232	0,246	NAN	
927	74,23543476	-251,0533887	0,246	NAN	
928	74,38781713	-252,06776	0,2445	NAN	
929	74,33371797	-251,3913035	0,246	NAN	
930	74,28953439	-251,22232	0,246	NAN	
931	74,38781713	-251,5603392	0,2445	NAN	
932,015	74,38781713	-251,7294272	0,2445	NAN	
933	74,28953439	-251,0533887	0,246	NAN	
934	74,38781713	-250,7156827	0,2445	NAN	
935	74,48609902	-251,0533887	0,2445	NAN	
936	74,62856255	-250,8845096	0,246	NAN	
937	74,68266034	-251,7294272	0,2445	NAN	
938,021	74,48609902	-251,5603392	0,2445	NAN	
939	74,38781713	-252,2370048	0,2445	NAN	
940	74,38781713	-252,5756514	0,243	NAN	
941	74,28953439	-252,2370048	0,2445	NAN	
942	74,28953439	-252,06776	0,246	NAN	
943	74,28953439	-252,5756514	0,2445	NAN	
944	74,33371797	-252,4063019	0,2445	NAN	
945	74,28953439	-253,0840142	0,2445	NAN	
946	74,28953439	-253,4231848	0,2445	NAN	
947	74,23543476	-253,4231848	0,243	NAN	
948,02	74,28953439	-253,0840142	0,243	NAN	
949,006	74,19125078	-252,5756514	0,243	NAN	
950	74,28953439	-251,22232	0,243	NAN	
951	74,13715066	-252,9145076	0,243	NAN	
952	74,28953439	-252,5756514	0,2445	NAN	
953	74,19125078	-252,9145076	0,2415	NAN	
954,019	74,13715066	-252,2370048	0,2415	NAN	
955,012	74,13715066	-252,4063019	0,243	NAN	
956	74,09296629	-252,2370048	0,243	NAN	
957	74,09296629	-252,06776	0,2415	NAN	
958	74,09296629	-252,06776	0,243	NAN	
959,009	74,09296629	-250,2095147	0,2415	NAN	
960	74,03886568	-251,22232	0,2415	NAN	
961	74,09296629	-253,4231848	0,2415	NAN	
962	74,28953439	-253,5928487	0,2415	NAN	
963	74,13715066	-252,5756514	0,2415	NAN	
964	74,19125078	-252,9145076	0,2415	NAN	
965	74,19125078	-252,9145076	0,2415	NAN	
966	74,09296629	-253,2535733	0,2415	NAN	
967	74,03886568	-252,9447037	0,2415	NAN	
968	74,09296629	-251,5904608	0,2415	NAN	
969	74,09296629	-252,06776	0,2415	NAN	
970	73,99468089	-251,8985674	0,2415	NAN	
971	74,09296629	-251,3913035	0,24	NAN	
972	74,09296629	-251,8985674	0,2415	NAN	
973	73,94057977	-250,8845096	0,24	NAN	
974	74,09296629	-250,5469079	0,24	NAN	
975	73,99468089	-249,7038156	0,24	NAN	
976	73,99468089	-248,6938217	0,2415	NAN	
977	73,99468089	-248,5256712	0,2415	NAN	
978,015	73,99468089	-249,5353533	0,2415	NAN	
979,001	74,19125078	-248,5256712	0,2415	NAN	
980	73,99468089	-250,8845096	0,2415	NAN	
981	73,89639457	-250,2095147	0,2415	NAN	
982	73,89639457	-250,2095147	0,243	NAN	
983	74,19125078	-248,5256712	0,2415	NAN	
984	74,28953439	-248,1895259	0,2415	NAN	
985	74,28953439	-248,3575726	0,2415	NAN	
986	74,38781713	-248,8620241	0,2415	NAN	
987,021	74,38781713	-249,7038156	0,2415	NAN	
988	74,19125078	-248,8620241	0,243	NAN	
989	74,09296629	-249,0302784	0,2415	NAN	
990	74,09296629	-249,8723299	0,243	NAN	
991	74,09296629	-250,0408962	0,243	NAN	
992,001	73,89639457	-250,7156827	0,2415	NAN	
993	74,09296629	-251,22232	0,2415	NAN	
994	73,99468089	-250,7156827	0,2415	NAN	
995	73,99468089	-250,5469079	0,2415	NAN	
996	74,19125078	-251,5603392	0,2415	NAN	
997	74,19125078	-252,9145076	0,2415	NAN	
998	74,28953439	-253,7625652	0,2415	NAN	
999	74,13715066	-254,2720296	0,2415	NAN	
1000	73,94057977	-253,9323341	0,2415	NAN	
1001,012	73,89639457	-253,4231848	0,2415	NAN	
1002	73,69981908	-254,6119352	0,2415	NAN	
1003	73,79810731	-253,7625652	0,24	NAN	
1004	73,69981908	-253,0840142	0,2415	NAN	
1005,016	73,60152987	-253,0840142	0,24	NAN	
1006	73,60152987	-251,5603392	0,2415	NAN	
1007	73,60152987	-250,7156827	0,2415	NAN	
1008	73,69981908	-250,5469079	0,2415	NAN	
1009	73,60152987	-250,0408962	0,24	NAN	
1010,014	73,60152987	-251,0533887	0,2415	NAN	
1011	73,50323966	-250,5469079	0,24	NAN	
1012	73,50323966	-249,366943	0,2415	NAN	
1013	73,40494843	-247,35007	0,24	NAN	
1014,016	73,50323966	-247,35007	0,24	NAN	
1015	73,40494843	-247,6856969	0,24	NAN	
1016	73,40494843	-249,366943	0,24	NAN	
1017	73,50323966	-249,0302784	0,2415	NAN	
1018	73,60152987	-249,8723299	0,2415	NAN	
1019	73,60152987	-249,366943	0,243	NAN	
1020,012	73,50323966	-249,8723299	0,243	NAN	
1021	73,50323966	-250,2095147	0,2415	NAN	
1022	73,60152987	-250,0408962	0,243	NAN	
1023	73,60152987	-249,366943	0,243	NAN	
1024	73,44913585	-248,8620241	0,243	NAN	
1025,014	73,40494843	-250,0118128	0,2415	NAN	
1026	73,50323966	-251,5311748	0,243	NAN	
1027	73,50323966	-251,5603392	0,2445	NAN	
1028	73,60152987	-251,5603392	0,2445	NAN	
1029	73,60152987	-252,5756514	0,2445	NAN	
1030,014	73,50323966	-251,5603392	0,243	NAN	
1031	73,50323966	-250,2095147	0,2415	NAN	
1032	73,50323966	-249,7038156	0,2415	NAN	
1033	73,50323966	-248,5256712	0,2415	NAN	
1034	73,50323966	-249,7038156	0,24	NAN	
1035,001	73,50323966	-250,3781852	0,24	NAN	
1036	73,40494843	-249,8723299	0,24	NAN	
1037	73,50323966	-248,0215311	0,2385	NAN	
1038	73,50323966	-248,0215311	0,24	NAN	
1039	73,50323966	-248,5256712	0,2385	NAN	
1040	73,50323966	-248,5256712	0,2385	NAN	
1041	73,40494843	-249,366943	0,24	NAN	
1042	73,40494843	-249,0302784	0,2385	NAN	
1043	73,50323966	-249,0012489	0,2385	NAN	
1044,021	73,50323966	-249,7038156	0,2385	NAN	
1045	73,50323966	-248,8620241	0,2385	NAN	
1046	73,40494843	-249,366943	0,237	NAN	
1047	73,50323966	-249,5353533	0,2385	NAN	
1048	73,45900849	-248,3575726	0,237	NAN	
1049	73,44913585	-247,0146501	0,2385	NAN	
1050,003	73,40494843	-247,35007	0,237	NAN	
1051	73,50323966	-246,6794371	0,237	NAN	
1052	73,40494843	-247,5178576	0,237	NAN	
1053,02	73,40494843	-249,366943	0,2355	NAN	
1054	73,40494843	-250,7156827	0,237	NAN	
1055	73,40494843	-250,7156827	0,237	NAN	
1056	73,40494843	-249,1985847	0,2385	NAN	
1057,015	73,30665616	-248,1895259	0,237	NAN	
1058,001	73,40494843	-248,8620241	0,237	NAN	
1059	73,40494843	-249,366943	0,237	NAN	
1060	73,40494843	-249,366943	0,237	NAN	
1061	73,30665616	-248,6938217	0,237	NAN	
1062	73,30665616	-248,3575726	0,237	NAN	
1063,02	73,30665616	-250,2095147	0,237	NAN	
1064,001	73,30665616	-250,5469079	0,237	NAN	
1065	73,2525512	-250,8845096	0,2355	NAN	
1066	73,40494843	-249,0302784	0,237	NAN	
1067	73,30665616	-249,0302784	0,2355	NAN	
1068,019	73,30665616	-248,5256712	0,237	NAN	
1069	73,30665616	-249,8723299	0,2355	NAN	
1070	73,30665616	-249,7038156	0,2355	NAN	
1071	73,20836283	-249,5353533	0,237	NAN	
1072,011	73,15425728	-249,366943	0,237	NAN	
1073	73,20836283	-249,8723299	0,237	NAN	
1074	73,30665616	-250,5177975	0,237	NAN	
1075	73,20836283	-249,7038156	0,237	NAN	
1076	73,30665616	-249,366943	0,2355	NAN	
1077	73,30665616	-248,3575726	0,237	NAN	
1078	73,20836283	-247,5178576	0,237	NAN	
1079,021	73,30665616	-246,0096312	0,237	NAN	
1080	73,15425728	-246,5119082	0,237	NAN	
1081	73,30665616	-247,35007	0,2355	NAN	
1082	73,30665616	-248,4966685	0,237	NAN	
1083,009	73,20836283	-248,3575726	0,237	NAN	
1084	73,26242405	-248,8620241	0,234	NAN	
1085	73,20836283	-248,5256712	0,237	NAN	
1086	73,20836283	-247,6856969	0,237	NAN	
1087	73,20836283	-248,3575726	0,2355	NAN	
1088	73,11006842	-248,8620241	0,234	NAN	
1089	73,20836283	-249,1985847	0,2355	NAN	
1090	73,20836283	-250,2095147	0,2355	NAN	
1091,021	73,20836283	-251,22232	0,234	NAN	
1092	73,20836283	-250,7156827	0,234	NAN	
1093	73,30665616	-250,3490838	0,2355	NAN	
1094	73,20836283	-250,2095147	0,234	NAN	
1095	73,30665616	-249,7038156	0,2355	NAN	
1096,022	73,30665616	-248,6938217	0,234	NAN	
1097,005	73,30665616	-248,5256712	0,234	NAN	
1098	73,30665616	-249,366943	0,2355	NAN	
1099	73,30665616	-250,7156827	0,2325	NAN	
1100	73,11006842	-249,0302784	0,234	NAN	
1101	73,11006842	-248,5256712	0,2325	NAN	
1102,012	73,11006842	-248,0215311	0,234	NAN	
1103	73,20836283	-248,5256712	0,234	NAN	
1104	73,11006842	-248,8620241	0,234	NAN	
1105	73,01177292	-247,8535881	0,2325	NAN	
1106	73,11006842	-246,3444309	0,2325	NAN	
1107,006	73,11006842	-246,6794371	0,234	NAN	
1108	73,11006842	-247,1823342	0,2325	NAN	
1109	73,01177292	-245,8423088	0,2325	NAN	
1110	73,01177292	-247,5178576	0,234	NAN	
1111,02	72,85936891	-246,0096312	0,2325	NAN	
1112	73,01177292	-246,0096312	0,2325	NAN	
1113	73,01177292	-245,173535	0,2325	NAN	
1114	72,9134763	-245,3406511	0,234	NAN	
1115	73,01177292	-246,5119082	0,234	NAN	
1116,002	73,01177292	-246,6794371	0,234	NAN	
1117	72,9134763	-246,6794371	0,2325	NAN	
1118	73,11006842	-247,0146501	0,2355	NAN	
1119,025	72,95766616	-246,3444309	0,2325	NAN	
1120,012	73,01177292	-245,0064704	0,234	NAN	
1121	73,11006842	-245,675038	0,2325	NAN	
1122	73,11006842	-245,8423088	0,2325	NAN	
1123	73,11006842	-245,675038	0,2325	NAN	
1124	73,01177292	-246,1770052	0,234	NAN	
1125,019	72,9134763	-246,8470178	0,2325	NAN	
1126,001	72,81517854	-247,35007	0,2325	NAN	
1127	72,9134763	-248,8620241	0,2325	NAN	
1128	73,01177292	-249,0302784	0,234	NAN	
1129	73,01177292	-248,8620241	0,2325	NAN	
1130,013	72,95766616	-247,6856969	0,2325	NAN	
1131	72,9134763	-246,9857278	0,2325	NAN	
1132	73,01177292	-248,3285789	0,2325	NAN	
1133	73,01177292	-248,0215311	0,234	NAN	
1134,005	72,9134763	-249,8723299	0,234	NAN	
1135	72,76107052	-249,7038156	0,2325	NAN	
1136	72,9134763	-249,8723299	0,2325	NAN	
1137	72,71687963	-249,7038156	0,2325	NAN	
1138,008	72,81517854	-248,8620241	0,2325	NAN	
1139	72,81517854	-248,3575726	0,2325	NAN	
1140	72,81517854	-250,0408962	0,2325	NAN	
1141	72,9134763	-249,8723299	0,2325	NAN	
1142,013	72,9134763	-248,5256712	0,2325	NAN	
1143	72,9134763	-248,1895259	0,2325	NAN	
1144	72,81517854	-249,3378955	0,2325	NAN	
1145	72,81517854	-249,366943	0,231	NAN	
1146,021	72,9134763	-249,8723299	0,2325	NAN	
1147	72,81517854	-250,5469079	0,2325	NAN	
1148	72,81517854	-250,2095147	0,2325	NAN	
1149	72,81517854	-250,7156827	0,2325	NAN	
1150	72,81517854	-251,0533887	0,2325	NAN	
1151	72,81517854	-250,8845096	0,2325	NAN	
1152	72,81517854	-250,5469079	0,2325	NAN	
1153	72,9134763	-250,8845096	0,2325	NAN	
1154	72,9134763	-250,5469079	0,2325	NAN	
1155	72,71687963	-250,8845096	0,2325	NAN	
1156	72,81517854	-249,8723299	0,231	NAN	
1157	72,81517854	-249,5353533	0,2325	NAN	
1158	72,71687963	-249,7038156	0,2325	NAN	
1159	72,71687963	-248,6938217	0,231	NAN	
1160,021	72,71687963	-248,3575726	0,2325	NAN	
1161	72,71687963	-248,8620241	0,234	NAN	
1162	72,71687963	-249,5353533	0,2325	NAN	
1163	72,71687963	-248,8620241	0,2325	NAN	
1164,012	72,71687963	-249,7038156	0,2325	NAN	
1165	72,61857954	-249,8723299	0,231	NAN	
1166	72,71687963	-249,1985847	0,2325	NAN	
1167	72,71687963	-249,8723299	0,2325	NAN	
1168	72,71687963	-250,5469079	0,231	NAN	
1169,018	72,71687963	-248,3575726	0,231	NAN	
1170	72,71687963	-247,8835057	0,231	NAN	
1171	72,61857954	-247,8535881	0,231	NAN	
1172	72,71687963	-247,6856969	0,231	NAN	
1173,007	72,61857954	-247,8535881	0,2325	NAN	
1174	72,61857954	-249,0302784	0,231	NAN	
1175	72,61857954	-249,8723299	0,2325	NAN	
1176	72,61857954	-249,8723299	0,231	NAN	
1177,021	72,71687963	-250,9145939	0,231	NAN	
1178	72,61857954	-252,7158257	0,2325	NAN	
1179	72,61857954	-253,9030432	0,2325	NAN	
1180	72,61857954	-254,4419561	0,231	NAN	
1181	72,61857954	-255,2923779	0,231	NAN	
1182	72,52027826	-255,1221882	0,231	NAN	
1183,012	72,67264449	-254,2720296	0,231	NAN	
1184	72,61857954	-254,1021556	0,231	NAN	
1185	72,52027826	-256,3146223	0,231	NAN	
1186	72,52027826	-256,3146223	0,231	NAN	
1187,02	72,52027826	-255,8032628	0,231	NAN	
1188	72,52027826	-256,8264569	0,231	NAN	
1189	72,52027826	-256,1441164	0,231	NAN	
1190	72,52027826	-256,3146223	0,231	NAN	
1191,019	72,52027826	-255,4332476	0,2295	NAN	
1192	72,42197576	-252,9145076	0,2295	NAN	
1193	72,52027826	-252,06776	0,231	NAN	
1194	72,52027826	-252,4063019	0,2295	NAN	
1195	72,52027826	-251,22232	0,231	NAN	
1196,011	72,52027826	-250,7156827	0,231	NAN	
1197	72,42197576	-251,22232	0,2295	NAN	
1198	72,52027826	-251,3913035	0,231	NAN	
1199	72,42197576	-251,22232	0,2295	NAN	
1200,019	72,42197576	-249,8723299	0,231	NAN	
1201	72,52027826	-249,8723299	0,231	NAN	
1202	72,42197576	-250,7156827	0,2295	NAN	
1203	72,42197576	-250,2095147	0,2295	NAN	
1204,023	72,47604205	-250,7156827	0,2295	NAN	
1205	72,42197576	-250,5469079	0,231	NAN	
1206	72,47604205	-252,06776	0,2295	NAN	
1207,018	72,42197576	-253,7625652	0,2295	NAN	
1208	72,32367203	-253,5928487	0,2295	NAN	
1209	72,42197576	-253,2535733	0,2295	NAN	
1210,003	72,42197576	-252,9145076	0,231	NAN	
1211	72,42197576	-250,3781852	0,2295	NAN	
1212	72,32367203	-251,5603392	0,231	NAN	
1213	72,42197576	-252,2078043	0,2295	NAN	
1214	72,377739	-250,3781852	0,2295	NAN	
1215,009	72,377739	-250,3781852	0,2295	NAN	
1216	72,32367203	-248,5256712	0,2295	NAN	
1217	72,32367203	-247,8535881	0,2295	NAN	
1218,019	72,52027826	-248,8330035	0,231	NAN	
1219	72,42197576	-248,4966685	0,2295	NAN	
1220	72,32367203	-248,0215311	0,2295	NAN	
1221	72,27943471	-249,0302784	0,2295	NAN	
1222	72,32367203	-249,5353533	0,2295	NAN	
1223	72,22536706	-250,0408962	0,228	NAN	
1224	72,22536706	-250,5177975	0,2295	NAN	
1225	72,22536706	-250,2095147	0,228	NAN	
1226,014	72,22536706	-250,5469079	0,2295	NAN	
1227	72,32367203	-251,0533887	0,228	NAN	
1228	72,22536706	-250,2095147	0,228	NAN	
1229,017	72,27943471	-250,8845096	0,228	NAN	
1230,004	72,22536706	-252,7450533	0,228	NAN	
1231	72,22536706	-254,9520513	0,2295	NAN	
1232	72,22536706	-253,2837881	0,228	NAN	
1233	72,22536706	-252,7158257	0,228	NAN	
1234	72,12706081	-252,5756514	0,228	NAN	
1235	72,22536706	-251,22232	0,228	NAN	
1236,02	72,12706081	-251,7294272	0,228	NAN	
1237	72,12706081	-251,0533887	0,228	NAN	
1238	72,18112916	-252,7450533	0,228	NAN	
1239	72,18112916	-252,5756514	0,228	NAN	
1240	72,12706081	-253,0840142	0,2265	NAN	
1241	72,18112916	-252,4063019	0,228	NAN	
1242	72,18112916	-253,2535733	0,228	NAN	
1243	72,22536706	-253,9323341	0,228	NAN	
1244	72,12706081	-252,7450533	0,228	NAN	
1245	72,18112916	-253,5928487	0,2265	NAN	
1246,019	72,08282233	-252,4063019	0,228	NAN	
1247	72,12706081	-253,2535733	0,228	NAN	
1248	72,02875327	-254,4419561	0,228	NAN	
1249	72,12706081	-252,5756514	0,228	NAN	
1250,023	72,18112916	-253,2535733	0,228	NAN	
1251	72,18112916	-253,5928487	0,228	NAN	
1252	72,22536706	-253,2535733	0,228	NAN	
1253	72,02875327	-253,5928487	0,2265	NAN	
1254	72,02875327	-252,4063019	0,228	NAN	
1255	71,98451421	-252,7450533	0,228	NAN	
1256	72,18112916	-251,5603392	0,228	NAN	
1257	72,02875327	-251,8985674	0,228	NAN	
1258	72,08282233	-251,5603392	0,228	NAN	
1259,011	72,08282233	-253,4231848	0,2265	NAN	
1260	72,08282233	-254,2720296	0,228	NAN	
1261	72,08282233	-254,781967	0,228	NAN	
1262	72,02875327	-254,6119352	0,228	NAN	
1263,02	72,02875327	-255,1221882	0,2265	NAN	
1264	72,08282233	-254,4419561	0,2265	NAN	
1265	72,02875327	-253,7625652	0,228	NAN	
1266	71,98451421	-252,4063019	0,228	NAN	
1267,01	71,98451421	-253,5928487	0,2265	NAN	
1268	72,02875327	-252,7450533	0,228	NAN	
1269	72,02875327	-252,9145076	0,228	NAN	
1270	71,93044442	-252,06776	0,2265	NAN	
1271	71,98451421	-251,5603392	0,225	NAN	
1272,023	71,93044442	-251,7294272	0,2265	NAN	
1273	72,08282233	-252,9145076	0,228	NAN	
1274	71,93044442	-253,0840142	0,2265	NAN	
1275,022	71,83213424	-253,4231848	0,228	NAN	
1276,011	71,83213424	-253,4231848	0,2265	NAN	
1277	71,88620476	-252,2370048	0,228	NAN	
1278	71,83213424	-252,7450533	0,2265	NAN	
1279,009	72,08282233	-253,0840142	0,2265	NAN	
1280	71,88620476	-253,4231848	0,2265	NAN	
1281	71,88620476	-254,4419561	0,225	NAN	
1282	71,88620476	-254,4419561	0,2265	NAN	
1283	71,88620476	-252,9145076	0,225	NAN	
1284,019	71,83213424	-252,7450533	0,2265	NAN	
1285	71,83213424	-252,5756514	0,2265	NAN	
1286	71,88620476	-253,9323341	0,225	NAN	
1287,018	71,73382271	-254,1021556	0,225	NAN	
1288	71,73382271	-253,0840142	0,225	NAN	
1289	71,78789398	-253,9323341	0,225	NAN	
1290	71,73382271	-253,5928487	0,2265	NAN	
1291	71,78789398	-255,1221882	0,225	NAN	
1292	71,78789398	-256,4557539	0,2265	NAN	
1293,023	71,73382271	-255,4626201	0,2265	NAN	
1294	71,78789398	-253,4231848	0,225	NAN	
1295	71,78789398	-255,2923779	0,2265	NAN	
1296	71,68958184	-256,2852043	0,2265	NAN	
1297,013	71,73382271	-255,9736632	0,2265	NAN	
1298	71,68958184	-253,9323341	0,2265	NAN	
1299	71,73382271	-253,5928487	0,225	NAN	
1300	71,73382271	-254,1021556	0,225	NAN	
1301,006	71,78789398	-251,22232	0,2265	NAN	
1302	71,78789398	-252,06776	0,2265	NAN	
1303	71,68958184	-252,2370048	0,225	NAN	
1304,019	71,73382271	-250,8845096	0,2265	NAN	
1305	71,78789398	-250,5469079	0,2265	NAN	
1306	71,73382271	-251,7002538	0,2265	NAN	
1307	71,73382271	-252,06776	0,225	NAN	
1308	71,68958184	-252,4063019	0,225	NAN	
1309,01	71,68958184	-252,2370048	0,225	NAN	
1310	71,68958184	-252,0385685	0,2265	NAN	
1311	71,78789398	-252,5756514	0,225	NAN	
1312	71,68958184	-253,0840142	0,225	NAN	
1313	71,59126832	-252,5756514	0,225	NAN	
1314,014	71,63550981	-252,2370048	0,225	NAN	
1315	71,78789398	-250,7156827	0,225	NAN	
1316	71,68958184	-250,2095147	0,225	NAN	
1317,017	71,68958184	-250,8845096	0,2235	NAN	
1318,005	71,63550981	-250,8845096	0,225	NAN	
1319	71,68958184	-248,5256712	0,225	NAN	
1320	71,63550981	-250,0408962	0,225	NAN	
1321,023	71,68958184	-249,366943	0,225	NAN	
1322	71,59126832	-248,8620241	0,2235	NAN	
1323	71,59126832	-248,6938217	0,225	NAN	
1324	71,59126832	-248,1895259	0,2235	NAN	
1325,022	71,59126832	-248,6938217	0,225	NAN	
1326	71,53719553	-250,7156827	0,225	NAN	
1327	71,53719553	-249,1985847	0,225	NAN	
1328	71,59126832	-247,8535881	0,225	NAN	
1329	71,49295341	-247,656739	0,2235	NAN	
1330	71,49295341	-248,1895259	0,225	NAN	
1331,018	71,49295341	-249,1985847	0,2235	NAN	
1332	71,49295341	-249,366943	0,2235	NAN	
1333	71,49295341	-248,0215311	0,2235	NAN	
1334,014	71,49295341	-249,1985847	0,225	NAN	
1335	71,49295341	-249,8723299	0,225	NAN	
1336	71,49295341	-251,22232	0,2235	NAN	
1337,022	71,39463708	-251,22232	0,2235	NAN	
1338,005	71,43887985	-251,5603392	0,2235	NAN	
1339	71,39463708	-252,06776	0,2235	NAN	
1340	71,39463708	-251,0533887	0,2235	NAN	
1341	71,39463708	-250,8845096	0,2235	NAN	
1342	71,34056273	-250,8845096	0,222	NAN	
1343,018	71,39463708	-252,5756514	0,2235	NAN	
1344,003	71,39463708	-250,3781852	0,222	NAN	
1345	71,39463708	-250,3781852	0,2235	NAN	
1346	71,39463708	-249,7038156	0,2235	NAN	
1347	71,39463708	-250,2095147	0,222	NAN	
1348,018	71,39463708	-250,5469079	0,222	NAN	
1349	71,39463708	-250,7156827	0,222	NAN	
1350	71,19800011	-251,7294272	0,222	NAN	
1351	71,29631932	-251,5603392	0,2205	NAN	
1352	71,39463708	-252,4063019	0,2205	NAN	
1353	71,29631932	-252,4063019	0,2205	NAN	
1354	71,29631932	-253,0840142	0,222	NAN	
1355,012	71,39463708	-253,5928487	0,219	NAN	
1356,004	71,29631932	-254,4419561	0,2205	NAN	
1357	71,29631932	-254,1021556	0,2205	NAN	
1358	71,29631932	-254,2720296	0,222	NAN	
1359	71,19800011	-253,9323341	0,2205	NAN	
1360	71,29631932	-253,5928487	0,2205	NAN	
1361,018	71,19800011	-253,0840142	0,222	NAN	
1362	71,19800011	-251,3913035	0,2205	NAN	
1363	71,19800011	-251,8985674	0,2205	NAN	
1364	71,29631932	-252,5756514	0,2205	NAN	
1365,008	71,14392416	-251,3913035	0,2205	NAN	
1366	71,19800011	-250,0118128	0,2205	NAN	
1367	71,19800011	-250,7156827	0,2205	NAN	
1368	71,19800011	-251,3913035	0,222	NAN	
1369	71,29631932	-251,3913035	0,2205	NAN	
1370,017	71,19800011	-250,3781852	0,2205	NAN	
1371	71,19800011	-250,5469079	0,222	NAN	
1372	71,19800011	-251,22232	0,2205	NAN	
1373	71,19800011	-250,7156827	0,2205	NAN	
1374,009	71,14392416	-252,9145076	0,222	NAN	
1375	71,19800011	-252,2370048	0,222	NAN	
1376	71,19800011	-252,9145076	0,2205	NAN	
1377	71,19800011	-251,8985674	0,222	NAN	
1378	71,00135725	-251,22232	0,2205	NAN	
1379,019	71,09967943	-250,8845096	0,219	NAN	
1380	71,09967943	-249,8723299	0,222	NAN	
1381	71,09967943	-249,7038156	0,2205	NAN	
1382	71,09967943	-250,2095147	0,2205	NAN	
1383	71,00135725	-250,3781852	0,219	NAN	
1384	71,09967943	-250,5469079	0,2205	NAN	
1385	71,09967943	-251,22232	0,2205	NAN	
1386,008	71,00135725	-250,2095147	0,2205	NAN	
1387	71,09967943	-250,0408962	0,2205	NAN	
1388	71,09967943	-251,3913035	0,2205	NAN	
1389	71,00135725	-252,4063019	0,219	NAN	
1390	71,09967943	-251,3913035	0,2205	NAN	
1391,023	71,00135725	-250,3781852	0,2205	NAN	
1392,018	71,00135725	-250,5469079	0,2205	NAN	
1393	71,00135725	-248,6938217	0,2205	NAN	
1394	71,00135725	-249,7038156	0,2205	NAN	
1395	71,00135725	-249,5353533	0,219	NAN	
1396	71,00135725	-249,366943	0,219	NAN	
1397,023	71,00135725	-250,8845096	0,2205	NAN	
1398	71,00135725	-250,2095147	0,2205	NAN	
1399	71,00135725	-251,0533887	0,2205	NAN	
1400	71,00135725	-249,5353533	0,219	NAN	
1401	71,00135725	-248,8620241	0,219	NAN	
1402	71,00135725	-249,366943	0,2205	NAN	
1403	70,90303356	-249,5353533	0,2205	NAN	
1404,022	70,90303356	-249,366943	0,219	NAN	
1405	71,00135725	-248,1895259	0,2175	NAN	
1406	71,00135725	-249,1985847	0,219	NAN	
1407	70,90303356	-249,7038156	0,2175	NAN	
1408	70,90303356	-250,2095147	0,2175	NAN	
1409	71,00135725	-249,1985847	0,2175	NAN	
1410,021	70,80470834	-248,8620241	0,2175	NAN	
1411	70,90303356	-249,0302784	0,216	NAN	
1412	70,90303356	-249,7038156	0,2175	NAN	
1413	70,80470834	-249,0302784	0,219	NAN	
1414,019	70,90303356	-247,5178576	0,216	NAN	
1415	70,90303356	-248,0215311	0,2175	NAN	
1416	70,90303356	-248,1895259	0,2175	NAN	
1417	70,90303356	-248,8620241	0,2175	NAN	
1418,021	70,80470834	-248,1895259	0,2175	NAN	
1419	70,80470834	-248,8620241	0,216	NAN	
1420	70,80470834	-248,5256712	0,216	NAN	
1421	70,80470834	-249,0302784	0,2175	NAN	
1422	70,80470834	-249,7038156	0,216	NAN	
1423	70,80470834	-250,0408962	0,216	NAN	
1424,013	70,80470834	-251,0533887	0,216	NAN	
1425	70,80470834	-251,7294272	0,216	NAN	
1426	70,80470834	-251,0533887	0,216	NAN	
1427	70,80470834	-251,22232	0,216	NAN	
1428	70,80470834	-252,06776	0,216	NAN	
1429	70,80470834	-251,22232	0,2175	NAN	
1430,013	70,80470834	-250,7156827	0,216	NAN	
1431	70,70638157	-251,22232	0,2175	NAN	
1432	70,70638157	-251,3913035	0,2175	NAN	
1433	70,70638157	-252,2370048	0,216	NAN	
1434	70,70638157	-252,5756514	0,2175	NAN	
1435,017	70,70638157	-253,0840142	0,216	NAN	
1436	70,70638157	-252,06776	0,2175	NAN	
1437	70,60805323	-251,3913035	0,2175	NAN	
1438	70,70638157	-252,06776	0,2175	NAN	
1439	70,55397221	-251,7294272	0,2175	NAN	
1440	70,70638157	-251,5603392	0,2175	NAN	
1441,012	70,70638157	-251,0533887	0,2175	NAN	
1442	70,60805323	-251,8985674	0,2175	NAN	
1443	70,60805323	-251,3913035	0,2175	NAN	
1444	70,80470834	-252,5756514	0,216	NAN	
1445,019	70,60805323	-251,3913035	0,2175	NAN	
1446,004	70,70638157	-252,5756514	0,219	NAN	
1447	70,60805323	-252,5756514	0,2175	NAN	
1448	70,80470834	-251,3913035	0,219	NAN	
1449	70,60805323	-249,366943	0,219	NAN	
1450	70,70638157	-249,366943	0,219	NAN	
1451,009	70,70638157	-251,0533887	0,219	NAN	
1452	70,70638157	-250,8845096	0,219	NAN	
1453	70,70638157	-250,5469079	0,219	NAN	
1454	70,55397221	-251,7294272	0,219	NAN	
1455	70,60805323	-252,5756514	0,2175	NAN	
1456	70,60805323	-252,4063019	0,2175	NAN	
1457,02	70,60805323	-252,2370048	0,2175	NAN	
1458,008	70,50972331	-253,2535733	0,2175	NAN	
1459	70,50972331	-251,7294272	0,2175	NAN	
1460	70,50972331	-251,22232	0,216	NAN	
1461	70,60805323	-250,8845096	0,2175	NAN	
1462	70,50972331	-250,0408962	0,2175	NAN	
1463,024	70,60805323	-251,22232	0,2175	NAN	
1464,01	70,60805323	-252,4063019	0,216	NAN	
1465	70,50972331	-253,5928487	0,2175	NAN	
1466	70,50972331	-253,0840142	0,216	NAN	
1467	70,41139178	-252,5756514	0,2175	NAN	
1468	70,50972331	-251,3913035	0,216	NAN	
1469	70,41139178	-252,7450533	0,216	NAN	
1470,022	70,41139178	-254,1021556	0,2175	NAN	
1471,006	70,41139178	-253,7625652	0,216	NAN	
1472	70,41139178	-253,5928487	0,2175	NAN	
1473	70,41139178	-253,7625652	0,2175	NAN	
1474	70,41139178	-253,4231848	0,2175	NAN	
1475	70,31305862	-252,7450533	0,2175	NAN	
1476,008	70,41139178	-253,9030432	0,216	NAN	
1477	70,41139178	-250,8845096	0,216	NAN	
1478	70,41139178	-251,3913035	0,2175	NAN	
1479	70,31305862	-250,5469079	0,2175	NAN	
1480	70,31305862	-251,3913035	0,216	NAN	
1481,019	70,31305862	-252,2370048	0,2175	NAN	
1482	70,31305862	-252,5756514	0,2175	NAN	
1483	70,31305862	-252,4063019	0,216	NAN	
1484	70,31305862	-250,2095147	0,216	NAN	
1485,02	70,31305862	-251,3913035	0,216	NAN	
1486	70,31305862	-251,7595581	0,2145	NAN	
1487	70,21472381	-252,9145076	0,216	NAN	
1488	70,31305862	-253,2535733	0,2145	NAN	
1489,018	70,31305862	-253,2535733	0,216	NAN	
1490	70,31305862	-253,5928487	0,216	NAN	
1491	70,31305862	-252,9145076	0,213	NAN	
1492	70,25897492	-252,5756514	0,2145	NAN	
1493	70,25897492	-252,2370048	0,213	NAN	
1494	70,21472381	-252,5756514	0,213	NAN	
1495	70,31305862	-253,7625652	0,2145	NAN	
1496	70,21472381	-253,2535733	0,213	NAN	
1497,009	70,21472381	-252,5756514	0,2145	NAN	
1498	70,21472381	-251,5603392	0,2145	NAN	
1499	70,21472381	-250,8845096	0,213	NAN	
1500	70,21472381	-251,22232	0,213	NAN	
1501,013	70,1606392	-250,7156827	0,2115	NAN	
1502	70,31305862	-251,5603392	0,213	NAN	
1503	70,11638734	-249,5353533	0,213	NAN	
1504	70,21472381	-250,2095147	0,2115	NAN	
1505	70,11638734	-251,7294272	0,2115	NAN	
1506	70,11638734	-251,5603392	0,2115	NAN	
1507	70,21472381	-252,2370048	0,213	NAN	
1508	70,1606392	-252,06776	0,213	NAN	
1509	70,21472381	-251,3913035	0,2115	NAN	
1510	70,11638734	-250,8553812	0,2115	NAN	
1511	70,11638734	-251,0533887	0,2115	NAN	
1512,015	70,11638734	-250,8845096	0,213	NAN	
1513,001	70,11638734	-252,8852709	0,2115	NAN	
1514	70,11638734	-252,06776	0,2115	NAN	
1515	70,11638734	-252,4063019	0,2115	NAN	
1516	70,11638734	-251,5603392	0,2115	NAN	
1517	70,11638734	-251,5603392	0,2115	NAN	
1518	70,0623018	-250,5469079	0,2115	NAN	
1519	70,0623018	-250,5469079	0,2115	NAN	
1520	70,11638734	-250,2095147	0,2115	NAN	
1521	70,11638734	-251,22232	0,2115	NAN	
1522	70,11638734	-249,0302784	0,2115	NAN	
1523	70,21472381	-249,8723299	0,2115	NAN	
1524,023	70,01804918	-249,7038156	0,2115	NAN	
1525,004	70,11638734	-249,8723299	0,2115	NAN	
1526	70,01804918	-249,366943	0,2115	NAN	
1527	70,01804918	-249,366943	0,2115	NAN	
1528	70,11638734	-249,1985847	0,2115	NAN	
1529,015	70,01804918	-251,5603392	0,21	NAN	
1530,001	70,01804918	-252,2370048	0,2115	NAN	
1531	69,96396271	-251,8985674	0,21	NAN	
1532	69,91970932	-251,3913035	0,2115	NAN	
1533	70,01804918	-252,5756514	0,21	NAN	
1534,005	70,01804918	-252,06776	0,21	NAN	
1535	69,96396271	-251,8985674	0,21	NAN	
1536	70,01804918	-251,22232	0,21	NAN	
1537	69,86562191	-251,7294272	0,2115	NAN	
1538	69,91970932	-251,0533887	0,21	NAN	
1539,018	69,91970932	-251,0533887	0,2115	NAN	
1540	69,82136774	-251,22232	0,2115	NAN	
1541	69,91970932	-250,8845096	0,21	NAN	
1542	69,91970932	-250,5469079	0,21	NAN	
