24	83,9995678	-273,4591213	0,1515	NAN	
25	83,80298647	-273,6350013	0,153	NAN	
26,018	83,70469731	-273,8109361	0,1545	NAN	
27	83,80298647	-271,8786599	0,156	NAN	
28	83,70469731	-272,5502524	0,1545	NAN	
29	83,95593611	-271,3528216	0,1545	NAN	
30	83,60640914	-272,404989	0,153	NAN	
31	83,50812192	-271,8786599	0,153	NAN	
32,02	83,70469731	-272,0237879	0,1545	NAN	
33	83,60640914	-273,2529695	0,153	NAN	
34	83,66106696	-273,2832959	0,1515	NAN	
35	83,31155031	-272,5805411	0,153	NAN	
36	83,21326586	-271,703326	0,1545	NAN	
37	83,21326586	-272,0540484	0,1545	NAN	
38	83,31155031	-272,0540484	0,156	NAN	
39	83,1149823	-270,6524662	0,1545	NAN	
40,018	82,91841776	-270,6222808	0,1545	NAN	
41,005	82,91841776	-270,8274734	0,156	NAN	
42	83,01669961	-270,1277707	0,156	NAN	
43	83,01669961	-269,7782455	0,1545	NAN	
44	83,1149823	-269,9529809	0,156	NAN	
45	83,21326586	-271,1776511	0,156	NAN	
46	83,21326586	-272,9015017	0,156	NAN	
47	83,31155031	-273,2832959	0,156	NAN	
48	83,50812192	-272,9318093	0,156	NAN	
49	83,40983565	-273,2529695	0,156	NAN	
50	83,40983565	-273,4287854	0,1545	NAN	
51	83,36620656	-274,3086857	0,156	NAN	
52	83,56277921	-274,3086857	0,156	NAN	
53	83,50812192	-273,9869256	0,1545	NAN	
54	83,40983565	-275,3663743	0,153	NAN	
55	83,31155031	-274,8676947	0,159	NAN	
56	83,21326586	-273,9565614	0,1605	NAN	
57,009	83,21326586	-275,044013	0,1575	NAN	
58	83,36620656	-274,5152226	0,1545	NAN	
59	83,26792162	-275,749835	0,1545	NAN	
60	83,21326586	-273,9869256	0,15	NAN	
61	83,21326586	-272,5805411	0,15	NAN	
62,002	83,31155031	-271,8786599	0,1485	NAN	
63	83,31155031	-271,8484089	0,1485	NAN	
64	83,31155031	-272,3747097	0,147	NAN	
65	83,40983565	-272,5502524	0,147	NAN	
66,021	83,50812192	-272,2294914	0,144	NAN	
67	83,50812192	-273,4591213	0,147	NAN	
68	83,56277921	-274,8372832	0,1455	NAN	
69	83,40983565	-274,6610292	0,144	NAN	
70	83,46449242	-275,9264278	0,1455	NAN	
71,023	83,46449242	-276,2492912	0,1455	NAN	
72	83,36620656	-274,8372832	0,144	NAN	
73	83,21326586	-274,3086857	0,144	NAN	
74	83,21326586	-273,2832959	0,1425	NAN	
75,013	83,21326586	-274,5152226	0,144	NAN	
76	82,97307208	-274,6914312	0,141	NAN	
77	83,07135439	-274,3086857	0,1425	NAN	
78,019	83,07135439	-275,013592	0,1425	NAN	
79	83,36620656	-276,6028428	0,1425	NAN	
80	83,21326586	-276,2797784	0,1425	NAN	
81	83,1149823	-275,7193762	0,1425	NAN	
82,008	83,21326586	-275,044013	0,1425	NAN	
83	83,21326586	-273,7805813	0,144	NAN	
84	83,16963757	-273,4591213	0,144	NAN	
85	83,1149823	-272,7561479	0,144	NAN	
86,023	83,16963757	-273,9565614	0,144	NAN	
87	83,07135439	-274,3086857	0,144	NAN	
88	83,01669961	-274,3086857	0,144	NAN	
89	83,21326586	-273,6350013	0,144	NAN	
90,013	83,31155031	-273,4287854	0,1425	NAN	
91	83,26792162	-273,1075253	0,144	NAN	
92	83,21326586	-272,0237879	0,144	NAN	
93	83,26792162	-269,7782455	0,1455	NAN	
94	83,16963757	-271,002535	0,144	NAN	
95	82,91841776	-272,0237879	0,1455	NAN	
96,019	83,07135439	-270,4775133	0,1455	NAN	
97	82,91841776	-270,3026149	0,1455	NAN	
98	82,91841776	-270,4473374	0,1455	NAN	
99	82,97307208	-271,6730843	0,144	NAN	
100,01	82,97307208	-272,2294914	0,1455	NAN	
101	83,16963757	-272,5805411	0,1455	NAN	
102	83,1149823	-272,5805411	0,1455	NAN	
103	82,91841776	-272,5805411	0,144	NAN	
104	83,01669961	-271,703326	0,147	NAN	
105	82,82013673	-271,4978143	0,144	NAN	
106	82,97307208	-269,7782455	0,1455	NAN	
107,009	82,91841776	-270,4775133	0,1455	NAN	
108	82,77650994	-270,8274734	0,147	NAN	
109	82,77650994	-270,4775133	0,147	NAN	
110	82,91841776	-269,2242543	0,147	NAN	
111,002	82,97307208	-269,4289374	0,1485	NAN	
112	83,01669961	-269,0798462	0,147	NAN	
113	83,07135439	-269,3988176	0,1485	NAN	
114	83,07135439	-268,0338734	0,1455	NAN	
115	83,16963757	-269,748107	0,1455	NAN	
116	83,07135439	-269,7782455	0,144	NAN	
117	83,07135439	-271,1474376	0,144	NAN	
118	82,97307208	-271,002535	0,144	NAN	
119	83,07135439	-271,8786599	0,144	NAN	
120	82,97307208	-272,0540484	0,1455	NAN	
121	82,91841776	-271,3528216	0,144	NAN	
122,015	82,72185652	-273,7805813	0,144	NAN	
123,011	82,77650994	-274,1325962	0,144	NAN	
124	82,8747906	-272,404989	0,1425	NAN	
125	82,8747906	-272,404989	0,1425	NAN	
126	82,77650994	-273,8109361	0,1425	NAN	
127,013	82,8747906	-274,4848301	0,1425	NAN	
128	82,91841776	-274,3086857	0,141	NAN	
129	82,97307208	-273,4591213	0,141	NAN	
130,018	83,01669961	-273,9869256	0,1425	NAN	
131	82,97307208	-274,6610292	0,141	NAN	
132	83,07135439	-274,4848301	0,141	NAN	
133	82,8747906	-274,6610292	0,141	NAN	
134	82,8747906	-273,9869256	0,141	NAN	
135	82,67823007	-273,2832959	0,141	NAN	
136	82,77650994	-273,8109361	0,141	NAN	
137,002	82,67823007	-275,044013	0,141	NAN	
138	82,57995099	-275,749835	0,141	NAN	
139	82,57995099	-276,0725979	0,141	NAN	
140	82,67823007	-275,7193762	0,1395	NAN	
141	82,77650994	-273,9565614	0,1395	NAN	
142	82,67823007	-273,4591213	0,1395	NAN	
143	82,67823007	-271,703326	0,1395	NAN	
144	82,67823007	-272,3747097	0,1395	NAN	
145,023	82,57995099	-270,6524662	0,1395	NAN	
146	82,67823007	-270,7972787	0,141	NAN	
147	82,57995099	-271,5280465	0,138	NAN	
148	82,48167267	-271,5280465	0,1395	NAN	
149,018	82,67823007	-271,703326	0,1395	NAN	
150	82,67823007	-272,0540484	0,138	NAN	
151	82,57995099	-271,8786599	0,1395	NAN	
152	82,67823007	-273,4287854	0,1395	NAN	
153	82,67823007	-273,7805813	0,1395	NAN	
154	82,67823007	-270,8274734	0,1395	NAN	
155	82,48167267	-271,5280465	0,1395	NAN	
156,007	82,48167267	-272,7561479	0,1395	NAN	
157	82,48167267	-271,5280465	0,141	NAN	
158	82,48167267	-271,5280465	0,1395	NAN	
159,009	82,48167267	-271,002535	0,1395	NAN	
160	82,57995099	-272,0540484	0,138	NAN	
161	82,48167267	-270,9723309	0,1365	NAN	
162	82,48167267	-270,6524662	0,138	NAN	
163,008	82,57995099	-269,0798462	0,1365	NAN	
164	82,48167267	-269,2242543	0,1365	NAN	
165	82,28511822	-270,3026149	0,138	NAN	
166	82,28511822	-270,4775133	0,1365	NAN	
167	82,28511822	-269,0798462	0,1395	NAN	
168,018	82,38339508	-269,7782455	0,1395	NAN	
169,011	82,48167267	-271,5280465	0,138	NAN	
170	82,48167267	-270,7972787	0,1365	NAN	
171	82,38339508	-272,5502524	0,138	NAN	
172	82,43799875	-271,1474376	0,1365	NAN	
173	82,48167267	-270,3026149	0,1395	NAN	
174,021	82,48167267	-270,6524662	0,138	NAN	
175	82,38339508	-271,8484089	0,138	NAN	
176	82,38339508	-271,5280465	0,1395	NAN	
177	82,48167267	-270,2724483	0,138	NAN	
178,005	82,38339508	-269,9529809	0,141	NAN	
179	82,28511822	-270,4775133	0,147	NAN	
180	82,24144495	-269,6035643	0,147	NAN	
181,018	82,28511822	-269,6035643	0,144	NAN	
182,006	82,33972149	-269,0798462	0,1425	NAN	
183	82,28511822	-270,4775133	0,1395	NAN	
184	82,08856659	-270,1277707	0,1395	NAN	
185	82,18684207	-272,1992215	0,138	NAN	
186,019	82,18684207	-273,2832959	0,138	NAN	
187	82,18684207	-272,2294914	0,1365	NAN	
188	82,43799875	-274,6610292	0,1365	NAN	
189	82,18684207	-274,6610292	0,138	NAN	
190	82,24144495	-274,6610292	0,138	NAN	
191,022	82,33972149	-275,7193762	0,138	NAN	
192,006	82,28511822	-274,6914312	0,138	NAN	
193	82,28511822	-273,9565614	0,1395	NAN	
194	82,33972149	-274,3390688	0,1395	NAN	
195	82,28511822	-274,6914312	0,1395	NAN	
196	82,14316909	-275,1899557	0,1395	NAN	
197,017	82,18684207	-274,3390688	0,138	NAN	
198	82,14316909	-274,6914312	0,138	NAN	
199	82,08856659	-274,1629698	0,138	NAN	
200	82,14316909	-274,5152226	0,138	NAN	
201,018	82,24144495	-274,6914312	0,138	NAN	
202	82,14316909	-274,4848301	0,138	NAN	
203	82,04489392	-273,9869256	0,138	NAN	
204	82,04489392	-275,013592	0,138	NAN	
205,006	82,04489392	-274,3390688	0,138	NAN	
206	82,04489392	-275,1899557	0,138	NAN	
207	82,04489392	-275,044013	0,1365	NAN	
208	82,04489392	-275,013592	0,1365	NAN	
209,016	82,04489392	-273,1075253	0,1365	NAN	
210	81,94661939	-272,404989	0,135	NAN	
211	81,94661939	-271,703326	0,1365	NAN	
212	81,94661939	-270,8274734	0,135	NAN	
213	81,94661939	-269,9529809	0,135	NAN	
214	82,04489392	-270,6524662	0,1365	NAN	
215	82,04489392	-270,4775133	0,135	NAN	
216	82,08856659	-270,4775133	0,1365	NAN	
217,017	82,14316909	-268,730972	0,135	NAN	
218	82,04489392	-269,3988176	0,1365	NAN	
219	82,04489392	-268,730972	0,1365	NAN	
220	81,94661939	-269,748107	0,135	NAN	
221,021	81,84834551	-269,748107	0,135	NAN	
222	81,94661939	-269,6035643	0,1365	NAN	
223	81,84834551	-270,1277707	0,135	NAN	
224	81,75007224	-269,0798462	0,135	NAN	
225,008	81,75007224	-269,0798462	0,138	NAN	
226	81,65179956	-268,1780126	0,135	NAN	
227	81,65179956	-266,816033	0,135	NAN	
228,013	81,75007224	-267,3376404	0,135	NAN	
229	81,55352747	-270,1277707	0,135	NAN	
230	81,55352747	-270,8274734	0,1365	NAN	
231	81,55352747	-270,8274734	0,135	NAN	
232	81,55352747	-272,2294914	0,135	NAN	
233	81,65179956	-272,2294914	0,135	NAN	
234	81,55352747	-271,002535	0,135	NAN	
235	81,45525593	-271,8484089	0,135	NAN	
236,017	81,35698494	-270,4473374	0,135	NAN	
237,011	81,55352747	-269,6035643	0,135	NAN	
238	81,45525593	-270,3026149	0,135	NAN	
239	81,45525593	-270,1277707	0,135	NAN	
240	81,55352747	-270,1277707	0,1365	NAN	
241	81,55352747	-269,748107	0,135	NAN	
242	81,55352747	-270,1277707	0,135	NAN	
243	81,55352747	-269,2543647	0,1365	NAN	
244	81,65179956	-269,0798462	0,1395	NAN	
245	81,65179956	-269,6035643	0,138	NAN	
246,023	81,35698494	-269,9228331	0,138	NAN	
247	81,45525593	-270,7972787	0,1365	NAN	
248	81,55352747	-270,4775133	0,1365	NAN	
249	81,50980834	-269,0497452	0,138	NAN	
250	81,45525593	-267,5116176	0,1365	NAN	
251	81,35698494	-267,1637173	0,1365	NAN	
252	81,35698494	-268,2080669	0,1365	NAN	
253	81,25871446	-267,5116176	0,135	NAN	
254	81,25871446	-268,0338734	0,135	NAN	
255	81,25871446	-269,2543647	0,1365	NAN	
256,022	81,25871446	-269,9529809	0,1365	NAN	
257	81,16044449	-270,4775133	0,135	NAN	
258	81,16044449	-268,8752904	0,135	NAN	
259	81,31326628	-268,5566161	0,1335	NAN	
260	81,35698494	-269,6035643	0,135	NAN	
261	81,35698494	-268,730972	0,1335	NAN	
262	81,35698494	-268,0038285	0,135	NAN	
263	81,41153705	-267,6856488	0,135	NAN	
264,022	81,25871446	-267,8597341	0,135	NAN	
265,006	81,16044449	-268,2080669	0,135	NAN	
266	81,062175	-268,1780126	0,135	NAN	
267	80,96390596	-269,0798462	0,1335	NAN	
268	81,062175	-267,6856488	0,135	NAN	
269	81,21499603	-267,6556225	0,1335	NAN	
270,015	81,16044449	-267,3376404	0,1335	NAN	
271	81,16044449	-267,3376404	0,135	NAN	
272	81,25871446	-266,1213117	0,1335	NAN	
273	81,25871446	-265,4274527	0,135	NAN	
274	81,31326628	-266,816033	0,1335	NAN	
275,004	81,16044449	-267,1637173	0,135	NAN	
276	81,21499603	-268,0338734	0,1335	NAN	
277	81,16044449	-268,5566161	0,1335	NAN	
278	81,062175	-267,6556225	0,1365	NAN	
279	81,31326628	-266,9598591	0,135	NAN	
280,007	81,35698494	-266,4685645	0,135	NAN	
281	81,41153705	-268,0338734	0,1365	NAN	
282	81,41153705	-268,730972	0,1365	NAN	
283	81,41153705	-268,730972	0,1365	NAN	
284	81,31326628	-268,8752904	0,1365	NAN	
285,02	81,31326628	-267,3376404	0,135	NAN	
286	81,31326628	-268,7008897	0,135	NAN	
287	81,31326628	-267,6856488	0,1365	NAN	
288,016	81,25871446	-269,748107	0,135	NAN	
289,001	81,31326628	-269,9529809	0,1335	NAN	
290	81,21499603	-269,0798462	0,1335	NAN	
291	81,062175	-267,6856488	0,135	NAN	
292	81,062175	-267,4816006	0,1335	NAN	
293	81,01845699	-266,1213117	0,135	NAN	
294,009	81,01845699	-266,816033	0,1335	NAN	
295	81,11672628	-267,3376404	0,1335	NAN	
296	81,01845699	-268,3823144	0,1335	NAN	
297	80,87642289	-268,5566161	0,1335	NAN	
298	80,82191976	-266,9598591	0,135	NAN	
299	80,72365178	-268,2080669	0,1335	NAN	
300	80,66910146	-268,730972	0,135	NAN	
301	80,92018816	-269,4289374	0,135	NAN	
302,012	81,01845699	-269,748107	0,135	NAN	
303	80,92018816	-268,730972	0,135	NAN	
304	80,86563738	-269,9529809	0,1365	NAN	
305	80,82191976	-270,4473374	0,1365	NAN	
306	80,72365178	-270,3026149	0,1365	NAN	
307,01	80,72365178	-268,905382	0,1335	NAN	
308,003	80,92018816	-267,8597341	0,1365	NAN	
309	80,86563738	-267,8597341	0,1365	NAN	
310	80,86563738	-269,4289374	0,135	NAN	
311	80,92018816	-268,3823144	0,1365	NAN	
312	80,92018816	-268,730972	0,135	NAN	
313	80,82191976	-268,2080669	0,135	NAN	
314	80,82191976	-268,3823144	0,135	NAN	
315	80,92018816	-266,7860533	0,135	NAN	
316	80,92018816	-266,9898481	0,1335	NAN	
317,011	80,92018816	-265,9477662	0,1335	NAN	
318	80,92018816	-265,0808461	0,1335	NAN	
319	80,82191976	-265,3975473	0,1335	NAN	
320	80,87642289	-264,7045863	0,1335	NAN	
321	80,72365178	-266,816033	0,135	NAN	
322	80,58161946	-266,6422718	0,135	NAN	
323,017	80,6253842	-266,816033	0,1365	NAN	
324,001	80,42885014	-266,2949112	0,135	NAN	
325	80,6253842	-266,816033	0,1335	NAN	
326	80,72365178	-267,6856488	0,135	NAN	
327	80,72365178	-267,1637173	0,135	NAN	
328,012	80,6253842	-266,9898481	0,135	NAN	
329	80,6253842	-265,7742745	0,135	NAN	
330	80,6253842	-266,9598591	0,135	NAN	
331	80,52711699	-266,9598591	0,1335	NAN	
332	80,42885014	-266,2949112	0,132	NAN	
333	80,42885014	-266,816033	0,132	NAN	
334	80,42885014	-267,1637173	0,132	NAN	
335	80,48335242	-266,1213117	0,132	NAN	
336	80,33058363	-265,7443506	0,1335	NAN	
337	80,42885014	-265,917833	0,132	NAN	
338	80,52711699	-265,2242264	0,132	NAN	
339	80,6253842	-266,0913692	0,1365	NAN	
340	80,77815468	-265,7742745	0,1365	NAN	
341	80,82191976	-265,2541225	0,1365	NAN	
342,021	80,87642289	-266,6123014	0,138	NAN	
343	80,77815468	-265,6008367	0,138	NAN	
344	80,77815468	-266,2949112	0,138	NAN	
345	80,6253842	-266,816033	0,1365	NAN	
346	80,52711699	-266,9898481	0,141	NAN	
347	80,58161946	-265,4274527	0,138	NAN	
348	80,67988688	-267,6556225	0,138	NAN	
349,007	80,67988688	-268,2080669	0,1365	NAN	
350	80,67988688	-266,9898481	0,1365	NAN	
351,004	80,58161946	-266,816033	0,135	NAN	
352	80,52711699	-266,6422718	0,135	NAN	
353	80,58161946	-266,6422718	0,135	NAN	
354	80,52711699	-263,8395938	0,1335	NAN	
355	80,58161946	-264,5613394	0,1335	NAN	
356	80,48335242	-264,9076235	0,132	NAN	
357,013	80,42885014	-264,388278	0,132	NAN	
358	80,52711699	-264,7344546	0,1335	NAN	
359	80,48335242	-265,4274527	0,1335	NAN	
360	80,42885014	-265,2242264	0,132	NAN	
361	80,48335242	-263,8395938	0,1305	NAN	
362,013	80,42885014	-263,1783502	0,132	NAN	
363	80,48335242	-264,0423161	0,1305	NAN	
364	80,38508572	-263,3510362	0,1335	NAN	
365	80,33058363	-263,4939723	0,1335	NAN	
366	80,48335242	-263,1783502	0,1335	NAN	
367,011	80,48335242	-263,8694157	0,1335	NAN	
368	80,48335242	-263,3510362	0,132	NAN	
369	80,38508572	-261,9710468	0,132	NAN	
370,017	80,13405154	-263,5237758	0,1335	NAN	
371	80,18855329	-262,975942	0,132	NAN	
372	80,18855329	-263,1783502	0,132	NAN	
373	80,38508572	-263,1783502	0,132	NAN	
374	80,38508572	-263,8694157	0,1305	NAN	
375	80,38508572	-263,8395938	0,132	NAN	
376	80,38508572	-263,6965689	0,132	NAN	
377	80,28681935	-265,7443506	0,1305	NAN	
378	80,38508572	-266,1213117	0,1305	NAN	
379	80,28681935	-265,6008367	0,1305	NAN	
380	80,28681935	-264,7344546	0,1305	NAN	
381,012	80,28681935	-263,8694157	0,132	NAN	
382	80,18855329	-263,5237758	0,129	NAN	
383	80,09028753	-263,1783502	0,132	NAN	
384	80,09028753	-264,7045863	0,135	NAN	
385,017	80,09028753	-264,7344546	0,1335	NAN	
386,007	79,89375679	-264,7344546	0,135	NAN	
387	79,89375679	-265,6008367	0,1335	NAN	
388	79,79549178	-266,1213117	0,1335	NAN	
389	79,79549178	-265,2541225	0,1335	NAN	
390,016	79,79549178	-264,1854298	0,132	NAN	
391	79,79549178	-263,4939723	0,1305	NAN	
392	79,79549178	-263,8694157	0,1305	NAN	
393	79,79549178	-264,5613394	0,1305	NAN	
394	79,79549178	-264,5613394	0,1305	NAN	
395	79,89375679	-265,0808461	0,1305	NAN	
396	79,69722699	-263,8694157	0,1305	NAN	
397,001	79,59896239	-263,6965689	0,1305	NAN	
398	79,79549178	-262,1433583	0,129	NAN	
399	79,89375679	-262,6606135	0,1305	NAN	
400,006	79,89375679	-261,9710468	0,129	NAN	
401	79,94821099	-262,4881416	0,1305	NAN	
402	79,89375679	-263,5237758	0,129	NAN	
403	79,79549178	-262,3157232	0,129	NAN	
404,009	79,69722699	-263,1783502	0,129	NAN	
405	79,79549178	-264,2152702	0,1305	NAN	
406	79,89375679	-264,5613394	0,129	NAN	
407	79,79549178	-262,8331389	0,129	NAN	
408,008	79,65341624	-263,1783502	0,1305	NAN	
409	79,59896239	-264,388278	0,1305	NAN	
410	79,69722699	-264,5613394	0,129	NAN	
411,014	79,59896239	-264,5613394	0,1305	NAN	
412,004	79,55515172	-263,8694157	0,1305	NAN	
413	79,65341624	-264,9076235	0,1305	NAN	
414	79,75168095	-266,1213117	0,1305	NAN	
415,009	79,79549178	-265,4274527	0,1305	NAN	
416,004	79,79549178	-265,0808461	0,1305	NAN	
417	79,69722699	-264,388278	0,1305	NAN	
418	79,59896239	-264,5613394	0,1305	NAN	
419	79,59896239	-265,4274527	0,132	NAN	
420,021	79,59896239	-264,5613394	0,1305	NAN	
421,003	79,59896239	-263,3510362	0,1305	NAN	
422	79,65341624	-264,0423161	0,1305	NAN	
423	79,75168095	-264,3584282	0,129	NAN	
424,022	79,40243369	-263,6965689	0,129	NAN	
425	79,55515172	-264,0423161	0,132	NAN	
426	79,59896239	-264,5314804	0,1305	NAN	
427	79,75168095	-263,0057178	0,1305	NAN	
428,023	79,69722699	-263,0057178	0,1305	NAN	
429	79,75168095	-262,6606135	0,129	NAN	
430	79,65341624	-264,9076235	0,129	NAN	
431	79,65341624	-264,9076235	0,1305	NAN	
432,017	79,55515172	-265,5709221	0,129	NAN	
433	79,75168095	-264,5314804	0,1305	NAN	
434	79,55515172	-264,5613394	0,1305	NAN	
435	79,50069796	-264,5613394	0,1335	NAN	
436,014	79,55515172	-265,2541225	0,132	NAN	
437	79,50069796	-266,0913692	0,132	NAN	
438	79,55515172	-265,7742745	0,132	NAN	
439	79,55515172	-265,7443506	0,132	NAN	
440	79,40243369	-265,5709221	0,132	NAN	
441,005	79,45688737	-264,388278	0,132	NAN	
442	79,55515172	-265,6008367	0,132	NAN	
443	79,55515172	-265,3975473	0,132	NAN	
444	79,45688737	-266,6422718	0,132	NAN	
445	79,45688737	-266,4685645	0,132	NAN	
446,013	79,35862316	-266,1213117	0,132	NAN	
447	79,26035909	-266,2649594	0,132	NAN	
448	79,35862316	-265,5709221	0,132	NAN	
449,015	79,45688737	-265,2541225	0,132	NAN	
450	79,45688737	-265,4274527	0,132	NAN	
451	79,35862316	-265,7742745	0,1335	NAN	
452	79,45688737	-264,9076235	0,132	NAN	
453,019	79,40243369	-264,8777459	0,1335	NAN	
454,012	79,35862316	-264,3584282	0,132	NAN	
455	79,35862316	-265,2242264	0,1305	NAN	
456	79,35862316	-265,2242264	0,132	NAN	
457	79,40243369	-264,388278	0,132	NAN	
458,001	79,45688737	-265,7742745	0,132	NAN	
459	79,45688737	-266,6422718	0,1335	NAN	
460	79,30416956	-267,5116176	0,1335	NAN	
461	79,30416956	-267,8597341	0,135	NAN	
462,021	79,35862316	-266,2649594	0,135	NAN	
463,006	79,35862316	-265,5709221	0,138	NAN	
464	79,35862316	-265,3975473	0,138	NAN	
465	79,26035909	-265,0808461	0,138	NAN	
466	79,10764163	-265,3975473	0,1395	NAN	
467	79,16209512	-263,3510362	0,1395	NAN	
468	79,26035909	-264,1854298	0,1395	NAN	
469	79,26035909	-265,2541225	0,141	NAN	
470	79,35862316	-266,7860533	0,1395	NAN	
471	79,16209512	-265,4274527	0,1395	NAN	
472	79,26035909	-265,0808461	0,1395	NAN	
473	79,35862316	-266,0913692	0,1395	NAN	
474	79,26035909	-265,917833	0,138	NAN	
475,003	79,26035909	-266,4386034	0,141	NAN	
476	79,16209512	-265,7742745	0,1395	NAN	
477	79,26035909	-265,917833	0,141	NAN	
478	79,16209512	-264,7344546	0,1395	NAN	
479	79,16209512	-266,9898481	0,138	NAN	
480	79,16209512	-267,3376404	0,135	NAN	
481	79,16209512	-268,905382	0,135	NAN	
482	79,26035909	-268,3823144	0,132	NAN	
483,016	79,10764163	-267,3376404	0,1305	NAN	
484	79,06383124	-267,8597341	0,1305	NAN	
485	79,06383124	-268,5566161	0,129	NAN	
486,022	79,01997404	-267,8597341	0,129	NAN	
487,001	78,86730368	-266,4685645	0,129	NAN	
488	78,76903995	-266,4685645	0,1275	NAN	
489	78,76903995	-266,6422718	0,1275	NAN	
490	78,86730368	-267,8597341	0,126	NAN	
491	78,96556743	-266,6422718	0,126	NAN	
492	78,96556743	-268,0338734	0,1275	NAN	
493	78,96556743	-268,1780126	0,126	NAN	
494,022	78,86730368	-267,3376404	0,126	NAN	
495	78,86730368	-267,8597341	0,126	NAN	
496	78,86730368	-267,3376404	0,126	NAN	
497	78,96556743	-266,4386034	0,126	NAN	
498	78,96556743	-265,9477662	0,1275	NAN	
499	78,96556743	-265,7742745	0,1275	NAN	
500	78,96556743	-264,9076235	0,1275	NAN	
501	78,96556743	-265,6008367	0,129	NAN	
502,016	79,06383124	-266,6422718	0,1275	NAN	
503	78,96556743	-266,2949112	0,1275	NAN	
504	78,96556743	-265,9477662	0,129	NAN	
505,007	78,96556743	-264,2152702	0,129	NAN	
506	78,96556743	-263,8694157	0,1305	NAN	
507	78,76903995	-264,0423161	0,1305	NAN	
508	78,67077624	-265,4274527	0,132	NAN	
509	78,76903995	-263,8395938	0,132	NAN	
510,01	78,82344652	-263,8694157	0,129	NAN	
511	78,76903995	-263,1783502	0,1305	NAN	
512	78,82344652	-263,321242	0,1275	NAN	
513,013	78,67077624	-263,1485652	0,126	NAN	
514	78,76903995	-263,6965689	0,126	NAN	
515	78,82344652	-264,2152702	0,1245	NAN	
516	78,76903995	-263,6965689	0,1245	NAN	
517,022	78,86730368	-264,0423161	0,126	NAN	
518	78,76903995	-262,6606135	0,123	NAN	
519	78,86730368	-261,1102902	0,1245	NAN	
520	78,86730368	-262,1433583	0,1245	NAN	
521,021	78,86730368	-261,7987887	0,123	NAN	
522	78,86730368	-261,1102902	0,123	NAN	
523	78,86730368	-261,5968821	0,123	NAN	
524	78,76903995	-263,1783502	0,1245	NAN	
525	78,86730368	-262,3157232	0,1245	NAN	
526,021	78,92171026	-263,5237758	0,123	NAN	
527,001	78,82344652	-265,4274527	0,1245	NAN	
528	78,82344652	-264,5613394	0,123	NAN	
529	78,7251828	-265,0509593	0,123	NAN	
530	78,76903995	-264,2152702	0,123	NAN	
531	78,67077624	-263,8694157	0,123	NAN	
532,017	78,67077624	-263,1783502	0,1245	NAN	
533	78,7251828	-262,3157232	0,126	NAN	
534	78,62691909	-262,1433583	0,123	NAN	
535,007	78,37598498	-263,0057178	0,123	NAN	
536	78,47424878	-261,5968821	0,1245	NAN	
537	78,43039159	-259,2213152	0,1245	NAN	
538,006	78,33212778	-259,9074703	0,123	NAN	
539	78,33212778	-261,0806159	0,123	NAN	
540	78,33212778	-261,1102902	0,1245	NAN	
541	78,43039159	-261,2823348	0,1245	NAN	
542	78,33212778	-262,4881416	0,123	NAN	
543	78,33212778	-263,4939723	0,1245	NAN	
544,021	78,23386389	-264,2152702	0,123	NAN	
545,006	78,08119315	-264,7344546	0,123	NAN	
546	78,17945719	-264,388278	0,123	NAN	
547	78,17945719	-262,8331389	0,123	NAN	
548	78,17945719	-263,5237758	0,1245	NAN	
549	78,17945719	-263,8694157	0,1245	NAN	
550	78,23386389	-264,9076235	0,123	NAN	
551	78,33212778	-266,2949112	0,1245	NAN	
552	78,43039159	-265,5709221	0,123	NAN	
553	78,43039159	-264,5613394	0,123	NAN	
554,017	78,43039159	-264,7344546	0,1245	NAN	
555	78,43039159	-264,0423161	0,126	NAN	
556	78,33212778	-262,8033724	0,123	NAN	
557	78,33212778	-262,3157232	0,123	NAN	
558,009	78,43039159	-263,0057178	0,123	NAN	
559,002	78,43039159	-260,938299	0,123	NAN	
560	78,52865536	-261,1102902	0,123	NAN	
561	78,52865536	-262,3157232	0,123	NAN	
562	78,33212778	-264,1854298	0,123	NAN	
563,019	78,13559991	-265,2541225	0,123	NAN	
564	78,03733581	-264,2152702	0,123	NAN	
565	78,03733581	-265,6008367	0,1215	NAN	
566	78,03733581	-266,4685645	0,123	NAN	
567	78,13559991	-266,6123014	0,123	NAN	
568,021	78,03733581	-265,2541225	0,123	NAN	
569,002	78,03733581	-265,0509593	0,1215	NAN	
570	77,93907159	-265,0808461	0,1215	NAN	
571	78,13559991	-262,8331389	0,1215	NAN	
572	78,23386389	-263,1783502	0,123	NAN	
573	78,33212778	-261,7987887	0,123	NAN	
574	78,33212778	-262,1136287	0,123	NAN	
575	78,23386389	-261,626584	0,1215	NAN	
576	78,23386389	-262,975942	0,1215	NAN	
577	78,33212778	-262,8033724	0,1215	NAN	
578	78,23386389	-262,4881416	0,1215	NAN	
579,022	78,23386389	-263,6667562	0,1245	NAN	
580,012	78,23386389	-261,9710468	0,126	NAN	
581	78,23386389	-262,3157232	0,1275	NAN	
582	78,13559991	-262,3157232	0,129	NAN	
583	78,13559991	-260,7663611	0,1305	NAN	
584	78,03733581	-261,1102902	0,132	NAN	
585,02	77,93907159	-261,9710468	0,135	NAN	
586,01	77,84080721	-261,626584	0,135	NAN	
587	77,84080721	-260,422645	0,135	NAN	
588	77,93907159	-259,7358518	0,1365	NAN	
589	77,84080721	-261,2823348	0,135	NAN	
590	77,84080721	-262,4881416	0,1365	NAN	
591,02	77,84080721	-262,8033724	0,1365	NAN	
592	77,84080721	-262,1433583	0,1365	NAN	
593	77,74254267	-260,5944764	0,1365	NAN	
594	77,79690324	-260,079142	0,138	NAN	
595,013	77,74254267	-260,079142	0,138	NAN	
596	77,74254267	-261,7690775	0,138	NAN	
597	77,74254267	-261,9710468	0,1395	NAN	
598	77,74254267	-262,6606135	0,138	NAN	
599	77,74254267	-263,1783502	0,138	NAN	
600,018	77,64427793	-262,6606135	0,1395	NAN	
601	77,64427793	-264,1854298	0,138	NAN	
602	77,54601299	-264,2152702	0,138	NAN	
603	77,64427793	-264,0423161	0,138	NAN	
604	77,64427793	-261,1102902	0,138	NAN	
605,01	77,64427793	-261,626584	0,1365	NAN	
606	77,64427793	-261,626584	0,1365	NAN	
607	77,74254267	-260,2508669	0,138	NAN	
608	77,64427793	-261,7987887	0,138	NAN	
609	77,64427793	-263,5237758	0,1365	NAN	
610,009	77,64427793	-263,5237758	0,138	NAN	
611	77,74254267	-264,5314804	0,138	NAN	
612	77,74254267	-262,4881416	0,138	NAN	
613	77,74254267	-262,4881416	0,1395	NAN	
614,016	77,84080721	-262,3157232	0,1365	NAN	
615	77,74254267	-263,5237758	0,135	NAN	
616	77,74254267	-262,6606135	0,135	NAN	
617	77,74254267	-262,4881416	0,132	NAN	
618,006	77,84080721	-261,4544327	0,1335	NAN	
619	77,84080721	-260,422645	0,1305	NAN	
620	77,74254267	-260,938299	0,1305	NAN	
621	77,84080721	-260,7367051	0,129	NAN	
622,021	77,93907159	-260,2508669	0,1305	NAN	
623	77,93907159	-261,42474	0,1305	NAN	
624	77,74254267	-261,5968821	0,1305	NAN	
625	77,74254267	-262,3157232	0,132	NAN	
626	77,64427793	-262,8331389	0,132	NAN	
627	77,64427793	-261,626584	0,132	NAN	
628	77,64427793	-260,9086339	0,132	NAN	
629	77,64427793	-259,7358518	0,1335	NAN	
630,021	77,69863862	-259,3927743	0,1335	NAN	
631,007	77,69863862	-261,1102902	0,132	NAN	
632	77,69863862	-261,4544327	0,1335	NAN	
633	77,69863862	-259,3631918	0,1335	NAN	
634	77,54601299	-257,6805717	0,1335	NAN	
635	77,64427793	-258,1936757	0,1335	NAN	
636	77,74254267	-259,8778603	0,1335	NAN	
637	77,79690324	-259,8778603	0,132	NAN	
638,013	77,74254267	-260,7367051	0,135	NAN	
639	77,79690324	-260,5944764	0,1335	NAN	
640	77,69863862	-262,2859844	0,135	NAN	
641	77,60037379	-261,9413264	0,135	NAN	
642	77,60037379	-262,4583936	0,135	NAN	
643,005	77,69863862	-262,3157232	0,132	NAN	
644	77,64427793	-262,4881416	0,129	NAN	
645	77,54601299	-263,0057178	0,129	NAN	
646	77,60037379	-263,8694157	0,1275	NAN	
647	77,44774782	-264,0423161	0,126	NAN	
648	77,54601299	-262,6606135	0,126	NAN	
649	77,44774782	-263,1783502	0,1275	NAN	
650	77,40384348	-263,6965689	0,126	NAN	
651	77,34948241	-263,8694157	0,126	NAN	
652	77,34948241	-264,9076235	0,1245	NAN	
653	77,34948241	-264,388278	0,123	NAN	
654	77,40384348	-263,5237758	0,1215	NAN	
655	77,34948241	-262,8331389	0,12	NAN	
656,021	77,50210875	-262,6606135	0,1215	NAN	
657	77,50210875	-263,5237758	0,1215	NAN	
658	77,44774782	-264,0124849	0,1215	NAN	
659,017	77,34948241	-264,9076235	0,1185	NAN	
660	77,60037379	-265,2541225	0,12	NAN	
661	77,50210875	-264,3584282	0,12	NAN	
662	77,60037379	-263,5237758	0,12	NAN	
663	77,30557795	-262,6606135	0,12	NAN	
664,017	77,25121673	-262,8331389	0,12	NAN	
665,005	77,25121673	-263,6965689	0,1185	NAN	
666	77,34948241	-261,9710468	0,12	NAN	
667	77,40384348	-260,2508669	0,12	NAN	
668	77,40384348	-259,9074703	0,1185	NAN	
669	77,25121673	-260,9086339	0,12	NAN	
670,012	77,10904604	-261,7987887	0,12	NAN	
671	77,15295076	-262,4881416	0,1185	NAN	
672	77,05468449	-262,8331389	0,12	NAN	
673	77,05468449	-261,626584	0,1185	NAN	
674	76,9564179	-261,1102902	0,12	NAN	
675	76,9564179	-260,422645	0,1185	NAN	
676	77,01077963	-260,422645	0,1185	NAN	
677	77,01077963	-260,2508669	0,1185	NAN	
678	77,01077963	-259,7358518	0,12	NAN	
679	77,10904604	-260,2508669	0,1215	NAN	
680	77,10904604	-260,5944764	0,1215	NAN	
681,019	77,20731214	-260,3930075	0,12	NAN	
682	77,10904604	-261,2526513	0,12	NAN	
683	77,20731214	-260,5944764	0,12	NAN	
684	77,15295076	-259,3927743	0,12	NAN	
685	77,20731214	-259,5642865	0,1185	NAN	
686	77,20731214	-257,9930788	0,1185	NAN	
687,021	77,20731214	-258,0225881	0,1185	NAN	
688	77,20731214	-258,3648164	0,12	NAN	
689	77,20731214	-259,3631918	0,1185	NAN	
690	77,20731214	-260,2508669	0,1185	NAN	
691	77,05468449	-261,2823348	0,1185	NAN	
692	77,10904604	-262,6606135	0,1185	NAN	
693,006	77,10904604	-261,2823348	0,1185	NAN	
694	77,10904604	-261,626584	0,1185	NAN	
695	77,05468449	-262,8331389	0,117	NAN	
696	77,01077963	-263,6667562	0,1185	NAN	
697	77,10904604	-263,8694157	0,1185	NAN	
698,016	77,20731214	-263,0057178	0,1185	NAN	
699	77,10904604	-262,1433583	0,117	NAN	
700	77,05468449	-262,8331389	0,117	NAN	
701	77,01077963	-263,5237758	0,117	NAN	
702	76,81424578	-263,1783502	0,1185	NAN	
703,016	76,91251288	-264,3584282	0,117	NAN	
704,001	76,81424578	-262,6606135	0,1185	NAN	
705	76,81424578	-262,8331389	0,1155	NAN	
706	76,71597831	-263,0057178	0,117	NAN	
707	76,85815096	-263,0057178	0,1155	NAN	
708	76,81424578	-264,7344546	0,117	NAN	
709	77,01077963	-264,7344546	0,1155	NAN	
710	76,71597831	-262,1433583	0,1155	NAN	
711	76,71597831	-261,9710468	0,117	NAN	
712	76,81424578	-261,9710468	0,117	NAN	
713	76,81424578	-262,4583936	0,117	NAN	
714	76,81424578	-263,1783502	0,117	NAN	
715	76,75988366	-262,4881416	0,117	NAN	
716,019	76,81424578	-260,938299	0,117	NAN	
717,011	76,81424578	-263,3510362	0,1155	NAN	
718	76,71597831	-263,8694157	0,117	NAN	
719	76,71597831	-263,1783502	0,117	NAN	
720	76,71597831	-263,6965689	0,117	NAN	
721	76,61771046	-262,3157232	0,117	NAN	
722	76,71597831	-261,626584	0,117	NAN	
723	76,71597831	-261,1102902	0,117	NAN	
724	76,71597831	-261,1102902	0,117	NAN	
725	76,71597831	-260,422645	0,12	NAN	
726	76,61771046	-260,2508669	0,1185	NAN	
727	76,81424578	-258,1936757	0,1185	NAN	
728	76,81424578	-259,5642865	0,1185	NAN	
729	76,71597831	-260,5944764	0,1185	NAN	
730,001	76,71597831	-260,7663611	0,1185	NAN	
731	76,71597831	-259,0203451	0,117	NAN	
732	76,51944219	-258,8785565	0,1185	NAN	
733	76,51944219	-258,53601	0,1185	NAN	
734	76,61771046	-258,3648164	0,1185	NAN	
735,014	76,51944219	-260,2212385	0,12	NAN	
736	76,57375874	-260,938299	0,12	NAN	
737	76,51944219	-261,7987887	0,117	NAN	
738	76,51944219	-262,6606135	0,117	NAN	
739	76,51944219	-261,9413264	0,117	NAN	
740,017	76,51944219	-260,7663611	0,1185	NAN	
741	76,61771046	-261,9710468	0,1185	NAN	
742	76,61771046	-262,4881416	0,1185	NAN	
743	76,61771046	-260,938299	0,1185	NAN	
744	76,61771046	-261,1102902	0,12	NAN	
745	76,51944219	-259,5642865	0,12	NAN	
746,02	76,42117349	-259,8778603	0,117	NAN	
747	76,42117349	-261,2823348	0,117	NAN	
748	76,51944219	-260,2508669	0,117	NAN	
749	76,42117349	-262,2859844	0,1155	NAN	
750,012	76,42117349	-263,0057178	0,1155	NAN	
751	76,42117349	-263,8694157	0,1155	NAN	
752	76,32290435	-264,9076235	0,117	NAN	
753	76,42117349	-264,2152702	0,1155	NAN	
754,023	76,32290435	-263,5237758	0,1155	NAN	
755	76,32290435	-263,0057178	0,117	NAN	
756	76,22463473	-264,0423161	0,117	NAN	
757	76,32290435	-263,8694157	0,1155	NAN	
758	76,32290435	-265,0808461	0,117	NAN	
759	76,32290435	-265,6008367	0,1155	NAN	
760,01	76,32290435	-264,7344546	0,114	NAN	
761	76,32290435	-264,5613394	0,117	NAN	
762	76,32290435	-265,2541225	0,1155	NAN	
763	76,32290435	-265,2541225	0,1155	NAN	
764	76,22463473	-265,4274527	0,1155	NAN	
765	76,32290435	-265,3975473	0,1155	NAN	
766	76,22463473	-265,4274527	0,1155	NAN	
767	76,22463473	-264,7344546	0,1155	NAN	
768	76,12636464	-263,8694157	0,117	NAN	
769	76,18068221	-263,1783502	0,1155	NAN	
770	76,02809403	-266,0913692	0,1155	NAN	
771,018	76,08241189	-265,2541225	0,117	NAN	
772,004	76,12636464	-265,0808461	0,1155	NAN	
773	76,12636464	-264,2152702	0,117	NAN	
774	76,12636464	-263,5237758	0,117	NAN	
775	76,08241189	-262,3157232	0,1155	NAN	
776	76,12636464	-262,1433583	0,1155	NAN	
777,016	76,02809403	-261,9710468	0,1155	NAN	
778	76,12636464	-262,1433583	0,1155	NAN	
779	76,12636464	-261,5968821	0,1155	NAN	
780	76,02809403	-262,2859844	0,114	NAN	
781	76,02809403	-262,3157232	0,117	NAN	
782	76,02809403	-261,7987887	0,1155	NAN	
783	76,02809403	-262,4583936	0,1155	NAN	
784	76,12636464	-263,0057178	0,1155	NAN	
785	76,12636464	-263,1783502	0,1155	NAN	
786	76,02809403	-264,7344546	0,117	NAN	
787	76,12636464	-263,8694157	0,1185	NAN	
788	76,02809403	-262,6606135	0,1185	NAN	
789	75,9298229	-263,0057178	0,1185	NAN	
790	76,18068221	-262,4881416	0,1185	NAN	
791	76,22463473	-262,6308562	0,117	NAN	
792	76,12636464	-261,4544327	0,1185	NAN	
793	76,12636464	-262,1433583	0,1185	NAN	
794	76,12636464	-261,4544327	0,117	NAN	
795	76,02809403	-261,4544327	0,12	NAN	
796	75,98414106	-261,2526513	0,12	NAN	
797,019	75,98414106	-260,938299	0,12	NAN	
798,013	75,73327899	-260,079142	0,12	NAN	
799	75,83155123	-260,2508669	0,1185	NAN	
800	75,73327899	-259,9074703	0,12	NAN	
801	75,73327899	-259,9074703	0,12	NAN	
802	75,73327899	-259,5642865	0,12	NAN	
803,012	75,83155123	-260,079142	0,12	NAN	
804	75,73327899	-259,3927743	0,1185	NAN	
805	75,73327899	-258,3648164	0,1185	NAN	
806	75,78759776	-257,9930788	0,12	NAN	
807,019	75,73327899	-257,8515534	0,1215	NAN	
808,008	75,9298229	-257,8515534	0,1215	NAN	
809	75,88586968	-258,7072567	0,123	NAN	
810	75,88586968	-259,1917419	0,1245	NAN	
811	75,83155123	-257,8515534	0,1245	NAN	
812	75,83155123	-258,8785565	0,1245	NAN	
813,016	75,83155123	-259,7062509	0,123	NAN	
814	75,73327899	-258,53601	0,12	NAN	
815	75,68932526	-259,5642865	0,12	NAN	
816	75,78759776	-259,0203451	0,1215	NAN	
817	75,78759776	-257,8515534	0,1245	NAN	
818	75,68932526	-259,0499093	0,1215	NAN	
819	75,68932526	-258,8490015	0,12	NAN	
820,022	75,63500617	-258,3648164	0,12	NAN	
821,011	75,59105218	-258,0225881	0,1185	NAN	
822	75,63500617	-258,3648164	0,1185	NAN	
823	75,59105218	-257,9930788	0,12	NAN	
824	75,53673275	-257,5096429	0,1185	NAN	
825	75,49277848	-258,0225881	0,117	NAN	
826,002	75,49277848	-259,2213152	0,117	NAN	
827	75,39450415	-257,3092943	0,117	NAN	
828	75,39450415	-257,4801611	0,1185	NAN	
829	75,34018402	-257,6805717	0,117	NAN	
830	75,39450415	-259,0499093	0,1185	NAN	
831	75,49277848	-257,4801611	0,1185	NAN	
832,018	75,34018402	-258,1936757	0,12	NAN	
833	75,34018402	-258,1936757	0,12	NAN	
834	75,39450415	-258,0225881	0,1215	NAN	
835	75,4384587	-258,8785565	0,12	NAN	
836,017	75,53673275	-260,422645	0,1215	NAN	
837	75,53673275	-259,7358518	0,1215	NAN	
838	75,53673275	-259,0499093	0,123	NAN	
839	75,59105218	-258,8785565	0,123	NAN	
840	75,53673275	-258,8785565	0,1215	NAN	
841	75,53673275	-259,0499093	0,1215	NAN	
842	75,4384587	-259,0499093	0,1245	NAN	
843,021	75,4384587	-260,079142	0,123	NAN	
844	75,49277848	-260,938299	0,1245	NAN	
845	75,49277848	-260,5944764	0,1245	NAN	
846	75,39450415	-260,7367051	0,123	NAN	
847	75,49277848	-260,079142	0,123	NAN	
848	75,49277848	-260,7367051	0,1215	NAN	
849	75,39450415	-262,4881416	0,123	NAN	
850	75,39450415	-260,2508669	0,1215	NAN	
851,023	75,39450415	-260,079142	0,1185	NAN	
852	75,39450415	-260,7663611	0,117	NAN	
853	75,39450415	-261,7987887	0,117	NAN	
854	75,39450415	-263,1783502	0,1155	NAN	
855	75,39450415	-262,8331389	0,1155	NAN	
856,022	75,39450415	-262,4881416	0,1155	NAN	
857	75,24190867	-262,3157232	0,1125	NAN	
858	75,39450415	-262,6606135	0,114	NAN	
859	75,29622917	-260,7663611	0,1125	NAN	
860	75,39450415	-261,7987887	0,111	NAN	
861,021	75,39450415	-262,1433583	0,114	NAN	
862,006	75,39450415	-261,7987887	0,1125	NAN	
863	75,49277848	-260,5944764	0,1125	NAN	
864	75,68932526	-261,626584	0,1125	NAN	
865	75,39450415	-261,626584	0,114	NAN	
866,011	75,39450415	-261,1102902	0,1155	NAN	
867	75,39450415	-259,7358518	0,117	NAN	
868	75,49277848	-260,7663611	0,1155	NAN	
869	75,19795352	-261,9413264	0,117	NAN	
870	75,29622917	-261,2823348	0,1155	NAN	
871	75,39450415	-260,7663611	0,1185	NAN	
872	75,39450415	-260,079142	0,1185	NAN	
873	75,19795352	-260,422645	0,1215	NAN	
874,017	75,19795352	-260,079142	0,1215	NAN	
875	75,19795352	-261,2823348	0,12	NAN	
876	75,09967719	-264,0423161	0,12	NAN	
877	75,19795352	-263,1783502	0,12	NAN	
878	75,19795352	-263,6965689	0,1185	NAN	
879,017	75,00140015	-263,6965689	0,117	NAN	
880	74,90312238	-263,5237758	0,1185	NAN	
881	75,09967719	-261,626584	0,117	NAN	
882	75,09967719	-260,2508669	0,1185	NAN	
883	75,00140015	-257,8515534	0,1185	NAN	
884	75,09967719	-259,7358518	0,117	NAN	
885,019	75,09967719	-259,7358518	0,1155	NAN	
886	75,09967719	-259,0499093	0,1155	NAN	
887	75,09967719	-259,7062509	0,1125	NAN	
888	75,09967719	-259,3927743	0,1155	NAN	
889	75,09967719	-258,8785565	0,1125	NAN	
890	75,09967719	-260,3930075	0,114	NAN	
891	75,09967719	-261,7987887	0,1125	NAN	
892	75,04535592	-260,5944764	0,114	NAN	
893	75,09967719	-259,5642865	0,114	NAN	
894	75,00140015	-257,1679442	0,114	NAN	
895	75,00140015	-256,9971741	0,1155	NAN	
896,021	75,00140015	-257,3387671	0,1155	NAN	
897,015	75,09967719	-257,8515534	0,1155	NAN	
898	75,00140015	-257,5096429	0,1155	NAN	
899	75,00140015	-257,8515534	0,117	NAN	
900	74,90312238	-258,3648164	0,117	NAN	
901	75,00140015	-258,0225881	0,117	NAN	
902	74,90312238	-258,1936757	0,1185	NAN	
903,017	75,00140015	-257,5096429	0,12	NAN	
904	75,00140015	-256,9677196	0,1215	NAN	
905	74,90312238	-256,9971741	0,1185	NAN	
906	74,90312238	-255,6329151	0,117	NAN	
907	74,90312238	-255,1221882	0,117	NAN	
908	74,80484386	-254,4419561	0,1155	NAN	
909	74,90312238	-253,0840142	0,1155	NAN	
910	74,80484386	-252,7158257	0,114	NAN	
911,018	74,80484386	-254,4419561	0,114	NAN	
912,014	74,80484386	-255,2923779	0,114	NAN	
913	74,80484386	-255,4626201	0,1125	NAN	
914	74,80484386	-255,9736632	0,1125	NAN	
915	74,80484386	-254,412638	0,1125	NAN	
916,008	74,80484386	-252,5756514	0,1125	NAN	
917	74,80484386	-254,9520513	0,1125	NAN	
918	74,80484386	-252,5756514	0,1125	NAN	
919	74,80484386	-255,6329151	0,111	NAN	
920	74,80484386	-255,6329151	0,1125	NAN	
921,017	74,80484386	-256,3146223	0,1125	NAN	
922	74,90312238	-255,2923779	0,114	NAN	
923	74,90312238	-255,0928338	0,1155	NAN	
924	74,90312238	-255,1221882	0,117	NAN	
925	74,80484386	-255,2923779	0,117	NAN	
926	74,80484386	-256,485181	0,1185	NAN	
927,022	74,80484386	-258,0225881	0,1185	NAN	
928,002	74,80484386	-258,7072567	0,12	NAN	
929	74,90312238	-257,3387671	0,1215	NAN	
930	74,90312238	-256,8264569	0,1215	NAN	
931	74,80484386	-257,1679442	0,1185	NAN	
932,017	74,80484386	-257,3092943	0,117	NAN	
933	74,70656459	-257,8515534	0,117	NAN	
934	74,60828452	-259,2213152	0,1185	NAN	
935	74,60828452	-258,7072567	0,1185	NAN	
936	74,60828452	-258,1936757	0,1185	NAN	
937	74,60828452	-259,2213152	0,12	NAN	
938	74,60828452	-257,6805717	0,1215	NAN	
939,016	74,60828452	-256,1441164	0,12	NAN	
940	74,60828452	-256,8264569	0,12	NAN	
941	74,60828452	-258,1936757	0,1185	NAN	
942	74,51000365	-259,9074703	0,117	NAN	
943,021	74,60828452	-261,0806159	0,117	NAN	
944	74,51000365	-261,4544327	0,1185	NAN	
945	74,60828452	-260,079142	0,12	NAN	
946	74,60828452	-259,9074703	0,12	NAN	
947,01	74,60828452	-259,0499093	0,1185	NAN	
948	74,60828452	-259,3927743	0,1185	NAN	
949	74,60828452	-260,938299	0,1185	NAN	
950	74,51000365	-259,7358518	0,117	NAN	
951,011	74,51000365	-260,2508669	0,1155	NAN	
952	74,41172196	-257,8515534	0,1155	NAN	
953	74,51000365	-257,8515534	0,114	NAN	
954	74,51000365	-259,7358518	0,1155	NAN	
955	74,60828452	-259,0499093	0,1155	NAN	
956	74,41172196	-260,079142	0,1125	NAN	
957	74,51000365	-259,9074703	0,1125	NAN	
958,015	74,51000365	-262,3157232	0,1125	NAN	
959	74,51000365	-261,4544327	0,1125	NAN	
960	74,41172196	-260,7663611	0,111	NAN	
961	74,41172196	-261,626584	0,111	NAN	
962	74,31343943	-263,0057178	0,111	NAN	
963	74,31343943	-263,0057178	0,111	NAN	
964	74,31343943	-261,626584	0,111	NAN	
965,019	74,31343943	-261,2823348	0,111	NAN	
966	74,21515604	-260,5944764	0,1125	NAN	
967	74,36771817	-261,1102902	0,1125	NAN	
968	74,31343943	-262,4881416	0,1125	NAN	
969,005	74,36771817	-262,8331389	0,1125	NAN	
970	74,21515604	-264,2152702	0,114	NAN	
971	74,21515604	-263,6965689	0,114	NAN	
972	74,31343943	-262,3157232	0,1155	NAN	
973	74,21515604	-262,4881416	0,1155	NAN	
974,022	74,21515604	-260,938299	0,117	NAN	
975,001	74,21515604	-262,1433583	0,1185	NAN	
976	74,21515604	-260,938299	0,1185	NAN	
977	74,26943525	-260,422645	0,12	NAN	
978	74,11687176	-260,079142	0,12	NAN	
979	74,01858659	-258,8785565	0,12	NAN	
980	74,11687176	-259,0499093	0,12	NAN	
981,022	74,31343943	-260,2212385	0,12	NAN	
982	74,31343943	-259,9074703	0,1215	NAN	
983	74,21515604	-260,422645	0,1215	NAN	
984	74,17115147	-260,079142	0,1215	NAN	
985	74,17115147	-261,1102902	0,123	NAN	
986,021	74,11687176	-263,3510362	0,123	NAN	
987	74,11687176	-260,422645	0,123	NAN	
988	74,21515604	-260,7663611	0,1215	NAN	
989	74,11687176	-260,938299	0,117	NAN	
990	74,11687176	-260,7663611	0,1185	NAN	
991	74,11687176	-261,4544327	0,117	NAN	
992	74,01858659	-261,9413264	0,117	NAN	
993	74,17115147	-260,079142	0,117	NAN	
994,021	74,11687176	-260,422645	0,117	NAN	
995	74,01858659	-260,5944764	0,117	NAN	
996	74,01858659	-260,938299	0,1155	NAN	
997	74,01858659	-260,7663611	0,117	NAN	
998,022	73,97458121	-259,0499093	0,1155	NAN	
999	73,92030049	-257,6805717	0,117	NAN	
1000	73,82201346	-256,9971741	0,1155	NAN	
1001	73,82201346	-257,6805717	0,117	NAN	
1002	73,82201346	-258,1936757	0,117	NAN	
1003,023	73,87629469	-259,1917419	0,117	NAN	
1004	73,72372547	-259,7358518	0,117	NAN	
1005	74,07286679	-260,422645	0,117	NAN	
1006	73,97458121	-259,9074703	0,117	NAN	
1007	73,92030049	-257,8220533	0,114	NAN	
1008	73,82201346	-257,6805717	0,114	NAN	
1009	73,82201346	-258,5064733	0,1125	NAN	
1010,021	74,01858659	-257,3387671	0,114	NAN	
1011	74,01858659	-256,485181	0,1155	NAN	
1012	74,01858659	-258,0225881	0,114	NAN	
1013	73,82201346	-258,1936757	0,114	NAN	
1014,013	73,92030049	-257,8515534	0,1125	NAN	
1015	73,92030049	-257,8515534	0,1125	NAN	
1016	73,97458121	-258,3648164	0,111	NAN	
1017	73,92030049	-258,5064733	0,1125	NAN	
1018	73,87629469	-258,7072567	0,111	NAN	
1019,019	73,92030049	-259,3927743	0,111	NAN	
1020	73,92030049	-259,5642865	0,111	NAN	
1021	73,82201346	-260,079142	0,1125	NAN	
1022	73,82201346	-261,1102902	0,1125	NAN	
1023,011	73,72372547	-261,2823348	0,1125	NAN	
1024	73,6254365	-259,7358518	0,1125	NAN	
1025	73,6254365	-261,1102902	0,1125	NAN	
1026	73,72372547	-261,9710468	0,1125	NAN	
1027,021	73,72372547	-260,079142	0,1125	NAN	
1028	73,6254365	-261,2823348	0,1125	NAN	
1029	73,72372547	-261,42474	0,114	NAN	
1030	73,82201346	-261,4544327	0,1155	NAN	
1031,022	73,82201346	-263,0057178	0,114	NAN	
1032,006	73,72372547	-263,8395938	0,114	NAN	
1033	73,72372547	-262,2859844	0,1155	NAN	
1034	73,72372547	-261,1102902	0,117	NAN	
1035	73,72372547	-261,626584	0,114	NAN	
1036	73,87629469	-261,42474	0,114	NAN	
1037,001	73,82201346	-260,2508669	0,1155	NAN	
1038	73,72372547	-261,1102902	0,1155	NAN	
1039,02	73,77800723	-263,321242	0,1155	NAN	
1040	73,6254365	-263,8395938	0,1155	NAN	
1041	73,77800723	-262,8331389	0,1155	NAN	
1042	73,6254365	-261,9710468	0,117	NAN	
1043	73,52714653	-261,7987887	0,1155	NAN	
1044	73,67971881	-262,6308562	0,1155	NAN	
1045,012	73,67971881	-262,8033724	0,1155	NAN	
1046	73,52714653	-260,5944764	0,117	NAN	
1047	73,77800723	-259,9074703	0,114	NAN	
1048	73,77800723	-260,938299	0,1155	NAN	
1049	73,6254365	-260,422645	0,117	NAN	
1050,016	73,52714653	-260,422645	0,1155	NAN	
1051	73,6254365	-260,7663611	0,1155	NAN	
1052	73,5814294	-260,0495228	0,1155	NAN	
1053	73,67971881	-261,4544327	0,1155	NAN	
1054,001	73,52714653	-262,1136287	0,114	NAN	
1055	73,52714653	-261,626584	0,1125	NAN	
1056	73,52714653	-261,7987887	0,1125	NAN	
1057	73,52714653	-261,9710468	0,1125	NAN	
1058,023	73,42885555	-263,1783502	0,1125	NAN	
1059	73,52714653	-263,8694157	0,111	NAN	
1060	73,52714653	-263,1783502	0,1125	NAN	
1061	73,42885555	-263,5237758	0,114	NAN	
1062	73,33056354	-262,4881416	0,1125	NAN	
1063	73,33056354	-262,1433583	0,111	NAN	
1064	73,33056354	-260,7663611	0,1125	NAN	
1065	73,33056354	-260,5944764	0,1125	NAN	
1066	73,38484754	-261,2526513	0,111	NAN	
1067,011	73,42885555	-261,5968821	0,1125	NAN	
1068	73,42885555	-261,4544327	0,1125	NAN	
1069	73,28655505	-261,2823348	0,111	NAN	
1070,005	73,23227047	-261,626584	0,1125	NAN	
1071	73,28655505	-260,422645	0,1125	NAN	
1072	73,13397633	-260,079142	0,1125	NAN	
1073,019	73,13397633	-260,7663611	0,1125	NAN	
1074	73,28655505	-258,53601	0,111	NAN	
1075	73,13397633	-258,3648164	0,111	NAN	
1076	73,28655505	-258,53601	0,1095	NAN	
1077,004	73,13397633	-257,6805717	0,1095	NAN	
1078	73,23227047	-258,7072567	0,1095	NAN	
1079	73,23227047	-258,3648164	0,111	NAN	
1080	73,23227047	-257,6805717	0,1125	NAN	
1081	73,28655505	-258,8785565	0,1185	NAN	
1082,019	73,23227047	-258,1936757	0,1275	NAN	
1083	73,33056354	-255,9736632	0,129	NAN	
1084	73,23227047	-256,9971741	0,126	NAN	
1085	73,13397633	-257,5096429	0,123	NAN	
1086	73,28655505	-256,3146223	0,12	NAN	
1087	73,23227047	-256,3146223	0,12	NAN	
1088,016	73,23227047	-257,3387671	0,1185	NAN	
1089	73,23227047	-257,1679442	0,1185	NAN	
1090	73,42885555	-255,8032628	0,117	NAN	
1091	73,33056354	-255,2923779	0,117	NAN	
1092	73,33056354	-253,5928487	0,117	NAN	
1093	73,23227047	-254,6119352	0,117	NAN	
1094	73,23227047	-253,9323341	0,117	NAN	
1095	73,23227047	-254,4419561	0,117	NAN	
1096,006	73,1882615	-255,1221882	0,1185	NAN	
1097	73,1882615	-255,0928338	0,117	NAN	
1098	72,93738474	-254,4419561	0,117	NAN	
1099	73,1882615	-254,9520513	0,114	NAN	
1100	73,03568109	-255,9736632	0,114	NAN	
1101,015	73,13397633	-256,485181	0,1125	NAN	
1102	73,23227047	-255,9736632	0,111	NAN	
1103	73,23227047	-254,781967	0,111	NAN	
1104	73,28655505	-254,6119352	0,1095	NAN	
1105	73,1882615	-255,1221882	0,1095	NAN	
1106,007	73,1882615	-254,6119352	0,1095	NAN	
1107	73,08996687	-252,9145076	0,1095	NAN	
1108	72,93738474	-253,2535733	0,108	NAN	
1109	73,03568109	-253,7625652	0,108	NAN	
1110,015	72,7950763	-254,6119352	0,108	NAN	
1111	72,89337429	-255,6329151	0,108	NAN	
1112	72,7950763	-255,4332476	0,108	NAN	
1113	72,83908726	-256,1441164	0,108	NAN	
1114	72,93738474	-254,781967	0,1065	NAN	
1115	72,89337429	-254,781967	0,108	NAN	
1116,016	72,89337429	-254,412638	0,108	NAN	
1117	73,08996687	-256,3146223	0,1065	NAN	
1118	72,99167114	-256,3146223	0,108	NAN	
1119	72,99167114	-257,3387671	0,1065	NAN	
1120	72,93738474	-256,1441164	0,108	NAN	
1121	73,03568109	-256,1441164	0,1065	NAN	
1122	72,99167114	-254,781967	0,1065	NAN	
1123	72,99167114	-254,6119352	0,1065	NAN	
1124,017	73,03568109	-255,2923779	0,1065	NAN	
1125	72,99167114	-254,2720296	0,108	NAN	
1126	72,99167114	-254,922706	0,1065	NAN	
1127	72,99167114	-253,9323341	0,108	NAN	
1128	72,99167114	-255,1221882	0,108	NAN	
1129	72,99167114	-253,7625652	0,111	NAN	
1130	73,08996687	-252,5756514	0,1095	NAN	
1131	73,08996687	-252,7450533	0,111	NAN	
1132	72,93738474	-253,7625652	0,1125	NAN	
1133,02	73,08996687	-253,5928487	0,111	NAN	
1134,015	72,99167114	-254,412638	0,111	NAN	
1135	72,99167114	-253,5928487	0,111	NAN	
1136	72,89337429	-254,6119352	0,111	NAN	
1137	72,89337429	-255,2923779	0,1125	NAN	
1138,009	72,83908726	-256,4557539	0,111	NAN	
1139	72,89337429	-257,8515534	0,1125	NAN	
1140	72,89337429	-258,6777109	0,111	NAN	
1141	72,89337429	-256,8264569	0,114	NAN	
1142,014	72,7950763	-257,6510807	0,1125	NAN	
1143	72,7950763	-258,0225881	0,1125	NAN	
1144	72,7950763	-258,3648164	0,1125	NAN	
1145	72,89337429	-258,3648164	0,111	NAN	
1146	72,7950763	-256,485181	0,1125	NAN	
1147	72,59847682	-255,9736632	0,1125	NAN	
1148	72,54418784	-256,2852043	0,1125	NAN	
1149	72,7950763	-256,1441164	0,1125	NAN	
1150,014	72,89337429	-255,9736632	0,1155	NAN	
1151	72,89337429	-253,9323341	0,114	NAN	
1152	72,83908726	-254,781967	0,1125	NAN	
1153	72,74078863	-255,1221882	0,1155	NAN	
1154	72,69677715	-254,781967	0,114	NAN	
1155	72,69677715	-254,6119352	0,114	NAN	
1156	72,54418784	-254,1021556	0,1155	NAN	
1157	72,69677715	-253,9323341	0,1155	NAN	
1158,021	72,64248883	-253,7625652	0,114	NAN	
1159,002	72,64248883	-252,7450533	0,1155	NAN	
1160	72,44588564	-257,1679442	0,117	NAN	
1161	72,50017529	-256,8264569	0,1155	NAN	
1162	72,50017529	-256,3146223	0,117	NAN	
1163,015	72,50017529	-256,485181	0,117	NAN	
1164	72,54418784	-257,5096429	0,117	NAN	
1165	72,50017529	-257,6805717	0,117	NAN	
1166	72,59847682	-257,6805717	0,1185	NAN	
1167	72,59847682	-258,3352888	0,12	NAN	
1168	72,50017529	-257,3387671	0,1185	NAN	
1169,015	72,59847682	-256,485181	0,1215	NAN	
1170,005	72,44588564	-255,6329151	0,123	NAN	
1171	72,50017529	-255,2923779	0,1215	NAN	
1172	72,40187254	-256,1147074	0,12	NAN	
1173	72,30356856	-254,6119352	0,1185	NAN	
1174,018	72,34758222	-256,6263563	0,1185	NAN	
1175	72,34758222	-257,4801611	0,1155	NAN	
1176	72,50017529	-256,8264569	0,117	NAN	
1177	72,40187254	-256,9971741	0,1155	NAN	
1178	72,34758222	-255,8032628	0,1155	NAN	
1179	72,24927755	-255,2923779	0,1155	NAN	
1180	72,30356856	-255,9736632	0,114	NAN	
1181	72,30356856	-257,1384805	0,114	NAN	
1182	72,30356856	-258,53601	0,1155	NAN	
1183,021	72,34758222	-257,6805717	0,114	NAN	
1184	72,24927755	-257,5096429	0,114	NAN	
1185	72,30356856	-258,1936757	0,114	NAN	
1186	72,40187254	-257,1679442	0,1155	NAN	
1187	72,50017529	-257,3387671	0,114	NAN	
1188	72,50017529	-255,9736632	0,114	NAN	
1189	72,40187254	-255,6329151	0,1125	NAN	
1190	72,50017529	-256,1441164	0,1125	NAN	
1191,015	72,30356856	-256,2852043	0,114	NAN	
1192	72,30356856	-255,9736632	0,114	NAN	
1193	72,24927755	-255,773872	0,114	NAN	
1194	72,30356856	-254,2720296	0,114	NAN	
1195	72,30356856	-254,4419561	0,1125	NAN	
1196	72,20526332	-254,9520513	0,114	NAN	
1197	72,24927755	-257,1679442	0,1155	NAN	
1198,024	72,40187254	-258,1641573	0,114	NAN	
1199	72,50017529	-257,8515534	0,1155	NAN	
1200	72,34758222	-257,5096429	0,1125	NAN	
1201	72,44588564	-256,9971741	0,114	NAN	
1202	72,40187254	-257,8515534	0,1155	NAN	
1203	72,44588564	-258,7072567	0,1155	NAN	
1204,01	72,24927755	-259,2213152	0,1155	NAN	
1205	72,20526332	-259,5346948	0,117	NAN	
1206	72,30356856	-258,8785565	0,1155	NAN	
1207	72,40187254	-259,2213152	0,1155	NAN	
1208	72,40187254	-259,5642865	0,1155	NAN	
1209	72,50017529	-260,422645	0,117	NAN	
1210	72,40187254	-259,9074703	0,117	NAN	
1211	72,30356856	-259,0499093	0,117	NAN	
1212,021	72,30356856	-258,7072567	0,117	NAN	
1213,014	72,10695681	-258,8785565	0,1185	NAN	
1214	72,008649	-260,079142	0,117	NAN	
1215	72,05266438	-259,5642865	0,1155	NAN	
1216	72,20526332	-258,7072567	0,1155	NAN	
1217	72,30356856	-258,53601	0,114	NAN	
1218,016	72,24927755	-259,2213152	0,114	NAN	
1219	72,24927755	-257,6805717	0,1125	NAN	
1220	72,15097161	-258,3352888	0,111	NAN	
1221	72,008649	-257,4801611	0,111	NAN	
1222	72,008649	-259,3927743	0,1125	NAN	
1223	72,20526332	-259,9074703	0,1125	NAN	
1224	72,30356856	-259,7358518	0,111	NAN	
1225,013	72,30356856	-258,3648164	0,111	NAN	
1226	72,24927755	-258,7072567	0,111	NAN	
1227	72,20526332	-257,8515534	0,1095	NAN	
1228	72,20526332	-256,8264569	0,1095	NAN	
1229	72,20526332	-258,3648164	0,1095	NAN	
1230	72,05266438	-258,3648164	0,1095	NAN	
1231,015	72,20526332	-258,3648164	0,1095	NAN	
1232,009	72,20526332	-258,0225881	0,1095	NAN	
1233	72,20526332	-256,1441164	0,108	NAN	
1234	72,20526332	-256,6263563	0,111	NAN	
1235	72,008649	-256,485181	0,1095	NAN	
1236	72,008649	-255,2923779	0,108	NAN	
1237	72,05266438	-255,8032628	0,108	NAN	
1238	72,10695681	-255,1221882	0,108	NAN	
1239,022	72,05266438	-256,9971741	0,108	NAN	
1240	72,10695681	-255,4626201	0,108	NAN	
1241	72,10695681	-255,1221882	0,105	NAN	
1242	71,95435585	-254,1021556	0,105	NAN	
1243	71,91033988	-255,0928338	0,1065	NAN	
1244	71,81202943	-254,9520513	0,1065	NAN	
1245	71,65942224	-255,2630144	0,1065	NAN	
1246	71,65942224	-255,8032628	0,1065	NAN	
1247,015	71,81202943	-255,1221882	0,1065	NAN	
1248	71,81202943	-255,1221882	0,105	NAN	
1249	71,81202943	-255,6329151	0,105	NAN	
1250	71,7577348	-254,2720296	0,1065	NAN	
1251,013	71,81202943	-252,7450533	0,105	NAN	
1252	71,71371763	-252,4063019	0,108	NAN	
1253	71,81202943	-251,7294272	0,1065	NAN	
1254	71,7577348	-252,4063019	0,1065	NAN	
1255,015	71,61540445	-251,8985674	0,108	NAN	
1256,011	71,46279295	-252,2370048	0,1065	NAN	
1257	71,71371763	-253,5928487	0,108	NAN	
1258	71,81202943	-254,6119352	0,1065	NAN	
1259	71,91033988	-255,1221882	0,1065	NAN	
1260	71,91033988	-255,9736632	0,108	NAN	
1261,02	71,7577348	-256,1441164	0,108	NAN	
1262	71,71371763	-256,6263563	0,108	NAN	
1263	71,65942224	-255,2923779	0,105	NAN	
1264	71,5611083	-253,4231848	0,1065	NAN	
1265,022	71,65942224	-252,5756514	0,108	NAN	
1266	71,71371763	-253,7625652	0,1065	NAN	
1267	71,7577348	-254,4419561	0,1065	NAN	
1268	71,71371763	-253,5635759	0,108	NAN	
1269	71,71371763	-252,5756514	0,108	NAN	
1270,021	71,51708988	-253,9030432	0,1095	NAN	
1271,009	71,5611083	-254,6119352	0,1095	NAN	
1272,008	71,71371763	-255,6329151	0,111	NAN	
1273	71,71371763	-254,781967	0,1095	NAN	
1274	71,51708988	-254,6119352	0,111	NAN	
1275	71,71371763	-254,4419561	0,1095	NAN	
1276	71,61540445	-254,9520513	0,111	NAN	
1277,015	71,81202943	-255,1221882	0,111	NAN	
1278,006	71,61540445	-256,8264569	0,1095	NAN	
1279	71,51708988	-257,5096429	0,111	NAN	
1280	71,61540445	-258,5064733	0,1095	NAN	
1281	71,61540445	-258,0225881	0,1095	NAN	
1282,021	71,61540445	-258,53601	0,1065	NAN	
1283	71,51708988	-257,3387671	0,105	NAN	
1284	71,51708988	-257,3387671	0,105	NAN	
1285	71,51708988	-256,6557926	0,105	NAN	
1286	71,4187739	-256,3146223	0,1035	NAN	
1287	71,4187739	-256,4557539	0,105	NAN	
1288	71,4187739	-257,3387671	0,1035	NAN	
1289	71,36447619	-260,2508669	0,1035	NAN	
1290,022	71,22213764	-259,2213152	0,1035	NAN	
1291	71,4187739	-258,1936757	0,105	NAN	
1292	71,3204565	-257,6805717	0,1035	NAN	
1293	71,4187739	-258,8785565	0,1035	NAN	
1294	71,51708988	-257,8515534	0,1035	NAN	
1295,021	71,4187739	-257,8515534	0,102	NAN	
1296,009	71,4187739	-258,0225881	0,102	NAN	
1297	71,3204565	-258,1936757	0,102	NAN	
1298	71,3204565	-258,3648164	0,102	NAN	
1299	71,36447619	-257,5096429	0,102	NAN	
1300	71,3204565	-257,6510807	0,102	NAN	
1301	71,3204565	-256,8264569	0,102	NAN	
1302	71,3204565	-256,6557926	0,1035	NAN	
1303	71,3204565	-255,1221882	0,1035	NAN	
1304	71,3204565	-255,8032628	0,1035	NAN	
1305	71,3204565	-255,9736632	0,102	NAN	
1306	71,22213764	-257,1679442	0,1035	NAN	
1307	71,22213764	-256,485181	0,102	NAN	
1308	71,3204565	-255,9736632	0,1035	NAN	
1309,023	71,16783832	-256,9971741	0,102	NAN	
1310	71,22213764	-256,6557926	0,1035	NAN	
1311	71,22213764	-256,6263563	0,1035	NAN	
1312	71,12381732	-256,3146223	0,1035	NAN	
1313	71,06951718	-256,485181	0,1035	NAN	
1314,022	71,12381732	-255,4626201	0,105	NAN	
1315,006	71,22213764	-254,1021556	0,102	NAN	
1316	71,22213764	-255,6329151	0,1035	NAN	
1317	71,22213764	-255,9736632	0,1035	NAN	
1318	71,26615799	-256,7970115	0,1035	NAN	
1319,009	71,3204565	-258,0225881	0,105	NAN	
1320	71,02549551	-257,5096429	0,108	NAN	
1321	70,97119454	-257,3387671	0,108	NAN	
1322	70,97119454	-256,1441164	0,108	NAN	
1323,019	70,9271722	-254,4419561	0,1095	NAN	
1324	71,12381732	-254,9520513	0,108	NAN	
1325	71,22213764	-255,773872	0,111	NAN	
1326	71,22213764	-255,2630144	0,1095	NAN	
1327	71,22213764	-254,9520513	0,1095	NAN	
1328	71,12381732	-254,6119352	0,111	NAN	
1329	70,9271722	-255,1221882	0,111	NAN	
1330,014	71,02549551	-254,9520513	0,111	NAN	
1331	71,02549551	-254,2720296	0,1125	NAN	
1332	71,02549551	-254,1021556	0,1125	NAN	
1333	71,02549551	-253,4231848	0,111	NAN	
1334,016	71,12381732	-253,9323341	0,1125	NAN	
1335	71,02549551	-255,6329151	0,111	NAN	
1336	71,12381732	-254,5826081	0,111	NAN	
1337	71,22213764	-255,6329151	0,111	NAN	
1338,016	71,12381732	-256,6557926	0,111	NAN	
1339,012	70,9271722	-257,3387671	0,111	NAN	
1340	70,9271722	-256,6557926	0,111	NAN	
1341	71,02549551	-257,5096429	0,114	NAN	
1342	71,02549551	-259,2213152	0,114	NAN	
1343	70,9271722	-259,7358518	0,1125	NAN	
1344	71,02549551	-260,7663611	0,111	NAN	
1345	71,02549551	-260,079142	0,111	NAN	
1346	71,12381732	-259,5642865	0,1095	NAN	
1347,016	71,02549551	-259,8778603	0,108	NAN	
1348	71,12381732	-259,9074703	0,1065	NAN	
1349	70,9271722	-259,7358518	0,108	NAN	
1350	71,02549551	-258,53601	0,1065	NAN	
1351,018	71,02549551	-258,53601	0,1065	NAN	
1352	71,02549551	-258,8785565	0,105	NAN	
1353	71,12381732	-260,079142	0,1065	NAN	
1354,021	71,12381732	-260,2508669	0,108	NAN	
1355,024	71,02549551	-259,3927743	0,1065	NAN	
1356,037	70,9271722	-259,9074703	0,108	NAN	
1357	70,82884735	-260,422645	0,108	NAN	
1358	70,9271722	-260,3930075	0,108	NAN	
1359	70,82884735	-260,079142	0,1095	NAN	
1360	70,82884735	-260,5944764	0,1095	NAN	
1361,017	70,9271722	-261,2823348	0,108	NAN	
1362,002	70,82884735	-260,7663611	0,1095	NAN	
1363	70,82884735	-260,422645	0,108	NAN	
1364	70,82884735	-257,8515534	0,1095	NAN	
1365	70,73052097	-259,2213152	0,111	NAN	
1366	70,63219302	-258,8785565	0,111	NAN	
1367	70,73052097	-258,1936757	0,1125	NAN	
1368	70,63219302	-257,3387671	0,1125	NAN	
1369	70,53386348	-255,4626201	0,114	NAN	
1370,017	70,73052097	-256,1441164	0,1155	NAN	
1371	70,73052097	-256,1441164	0,1155	NAN	
1372	70,73052097	-254,6119352	0,1155	NAN	
1373	70,73052097	-255,2923779	0,1125	NAN	
1374	70,63219302	-255,2923779	0,111	NAN	
1375,012	70,73052097	-255,9736632	0,1095	NAN	
1376	70,73052097	-256,8264569	0,108	NAN	
1377	70,82884735	-257,6805717	0,1065	NAN	
1378	70,82884735	-259,2213152	0,1065	NAN	
1379	70,82884735	-259,2213152	0,1065	NAN	
1380	70,73052097	-260,079142	0,105	NAN	
1381,022	70,82884735	-257,3387671	0,1065	NAN	
1382	70,82884735	-258,8785565	0,1065	NAN	
1383	70,82884735	-258,3648164	0,105	NAN	
1384	70,73052097	-259,2213152	0,1065	NAN	
1385,021	70,82884735	-257,6805717	0,1065	NAN	
1386	70,73052097	-257,6805717	0,105	NAN	
1387	70,53386348	-257,8515534	0,1065	NAN	
1388	70,73052097	-257,3387671	0,1065	NAN	
1389,01	70,63219302	-256,9971741	0,1065	NAN	
1390	70,73052097	-255,2923779	0,108	NAN	
1391	70,73052097	-255,1221882	0,108	NAN	
1392	70,73052097	-254,9520513	0,1095	NAN	
1393	70,88310412	-253,9323341	0,108	NAN	
1394	70,73052097	-256,3146223	0,108	NAN	
1395	70,63219302	-254,781967	0,108	NAN	
1396	70,73052097	-254,5826081	0,111	NAN	
1397	70,63219302	-253,2243186	0,1095	NAN	
1398	70,63219302	-254,6119352	0,108	NAN	
1399	70,68645151	-253,0840142	0,1065	NAN	
1400	70,53386348	-253,9323341	0,105	NAN	
1401	70,53386348	-252,9145076	0,105	NAN	
1402	70,68645151	-253,4231848	0,105	NAN	
1403	70,63219302	-253,5928487	0,105	NAN	
1404	70,53386348	-252,5464329	0,102	NAN	
1405	70,53386348	-253,5928487	0,102	NAN	
1406,021	70,43553235	-252,9145076	0,1035	NAN	
1407,001	70,39146074	-252,5756514	0,102	NAN	
1408	70,23886519	-251,8985674	0,1035	NAN	
1409	70,4897926	-250,7156827	0,102	NAN	
1410	70,4897926	-249,366943	0,1035	NAN	
1411	70,4897926	-250,8845096	0,102	NAN	
1412	70,53386348	-251,7294272	0,102	NAN	
1413	70,53386348	-251,3913035	0,1035	NAN	
1414	70,53386348	-252,9145076	0,1005	NAN	
1415	70,43553235	-254,1021556	0,1005	NAN	
1416	70,63219302	-254,2720296	0,102	NAN	
1417	70,68645151	-253,9323341	0,102	NAN	
1418	70,53386348	-255,4626201	0,102	NAN	
1419,008	70,43553235	-255,6329151	0,102	NAN	
1420	70,43553235	-254,4419561	0,102	NAN	
1421	70,63219302	-254,6119352	0,1005	NAN	
1422	70,53386348	-255,1221882	0,102	NAN	
1423,021	70,43553235	-255,6329151	0,102	NAN	
1424	70,4897926	-255,6329151	0,1005	NAN	
1425	70,39146074	-256,1441164	0,102	NAN	
1426	70,43553235	-255,6035335	0,102	NAN	
1427,02	70,33719959	-255,2923779	0,102	NAN	
1428	70,4897926	-255,4332476	0,1035	NAN	
1429	70,39146074	-255,6329151	0,1035	NAN	
1430	70,39146074	-255,1221882	0,102	NAN	
1431	70,43553235	-254,5826081	0,102	NAN	
1432	70,23886519	-253,0840142	0,1035	NAN	
1433	70,29312724	-251,3913035	0,1035	NAN	
1434	70,14052913	-252,4063019	0,1035	NAN	
1435	70,1947921	-253,2535733	0,1035	NAN	
1436	70,29312724	-253,7625652	0,1035	NAN	
1437	70,23886519	-253,9323341	0,1035	NAN	
1438	70,23886519	-253,7625652	0,102	NAN	
1439,017	70,1947921	-253,2535733	0,102	NAN	
1440,001	70,14052913	-252,06776	0,1035	NAN	
1441	70,29312724	-253,2535733	0,1035	NAN	
1442	70,33719959	-254,9520513	0,1035	NAN	
1443	70,23886519	-255,1221882	0,1005	NAN	
1444	70,39146074	-254,4419561	0,102	NAN	
1445	70,14052913	-253,7625652	0,102	NAN	
1446,01	70,23886519	-253,7625652	0,102	NAN	
1447	70,29312724	-255,1221882	0,102	NAN	
1448	70,29312724	-255,4626201	0,102	NAN	
1449	70,23886519	-255,8032628	0,1035	NAN	
1450,019	70,1947921	-255,8032628	0,1035	NAN	
1451	70,09645529	-256,1441164	0,105	NAN	
1452	69,99811679	-256,9971741	0,1035	NAN	
1453	69,80143465	-255,6329151	0,1035	NAN	
1454	69,80143465	-254,781967	0,1035	NAN	
1455,006	69,89977659	-253,5928487	0,1035	NAN	
1456	69,89977659	-253,9323341	0,1035	NAN	
1457	69,94385195	-252,4063019	0,1035	NAN	
1458,023	69,99811679	-250,5469079	0,1035	NAN	
1459	69,84551079	-250,8845096	0,105	NAN	
1460	69,99811679	-250,0408962	0,1035	NAN	
1461	69,99811679	-251,3913035	0,102	NAN	
1462,019	69,89977659	-251,8985674	0,1005	NAN	
1463	69,89977659	-252,5756514	0,1005	NAN	
1464	69,80143465	-253,4231848	0,1035	NAN	
1465	69,89977659	-254,781967	0,102	NAN	
1466	70,09645529	-254,6119352	0,1035	NAN	
1467	70,1947921	-255,1221882	0,1035	NAN	
1468,02	70,09645529	-255,2923779	0,1035	NAN	
1469,006	70,09645529	-256,2852043	0,1035	NAN	
1470	69,99811679	-254,6119352	0,105	NAN	
1471	70,04219139	-253,2535733	0,1065	NAN	
1472	69,99811679	-253,0840142	0,105	NAN	
1473	69,99811679	-253,7625652	0,1065	NAN	
1474,002	69,89977659	-253,4231848	0,1065	NAN	
1475	69,99811679	-253,2535733	0,108	NAN	
1476	69,89977659	-254,412638	0,108	NAN	
1477	69,80143465	-254,6119352	0,1095	NAN	
1478	69,7471679	-254,6119352	0,111	NAN	
1479	69,7471679	-255,2923779	0,1095	NAN	
1480	69,7471679	-254,4419561	0,108	NAN	
1481	69,89977659	-254,2720296	0,105	NAN	
1482	69,80143465	-253,7625652	0,1035	NAN	
1483,019	69,80143465	-253,0840142	0,1035	NAN	
1484,001	69,80143465	-253,5928487	0,1035	NAN	
1485	69,7471679	-252,06776	0,1005	NAN	
1486	69,89977659	-250,8845096	0,102	NAN	
1487	69,80143465	-252,9145076	0,1005	NAN	
1488,022	69,60474552	-253,0840142	0,1005	NAN	
1489,006	69,50639829	-253,4231848	0,1005	NAN	
1490	69,50639829	-251,8985674	0,1005	NAN	
1491	69,50639829	-251,869385	0,099	NAN	
1492	69,60474552	-251,7002538	0,099	NAN	
1493	69,70309097	-252,06776	0,1005	NAN	
1494	69,50639829	-251,22232	0,099	NAN	
1495,017	69,60474552	-252,5756514	0,099	NAN	
1496,012	69,60474552	-253,5928487	0,099	NAN	
1497	69,60474552	-252,5756514	0,099	NAN	
1498	69,55047681	-252,8852709	0,1005	NAN	
1499	69,60474552	-253,393921	0,1035	NAN	
1500	69,50639829	-253,9323341	0,105	NAN	
1501,02	69,80143465	-252,5756514	0,1065	NAN	
1502	69,89977659	-252,06776	0,1065	NAN	
1503	69,89977659	-251,7294272	0,108	NAN	
1504	69,89977659	-251,3913035	0,1095	NAN	
1505	69,80143465	-250,0408962	0,1065	NAN	
1506	69,80143465	-249,0302784	0,105	NAN	
1507	69,80143465	-249,0302784	0,1035	NAN	
1508,02	69,80143465	-249,0302784	0,1035	NAN	
1509	69,80143465	-250,5469079	0,102	NAN	
1510	69,70309097	-251,8985674	0,1035	NAN	
1511	69,80143465	-251,7294272	0,1035	NAN	
1512,012	69,89977659	-251,0533887	0,102	NAN	
1513	69,80143465	-251,0533887	0,1035	NAN	
1514	69,80143465	-252,5756514	0,1035	NAN	
1515	69,80143465	-252,5464329	0,1005	NAN	
1516	69,80143465	-252,5756514	0,102	NAN	
1517	69,70309097	-251,7294272	0,1035	NAN	
1518	69,60474552	-252,06776	0,1005	NAN	
1519	69,70309097	-252,8852709	0,1005	NAN	
1520,023	69,55047681	-251,3913035	0,1005	NAN	
1521,006	69,50639829	-250,2095147	0,1005	NAN	
1522	69,35377855	-249,8723299	0,099	NAN	
1523	69,40804926	-250,3781852	0,099	NAN	
1524	69,60474552	-249,366943	0,099	NAN	
1525,002	69,70309097	-248,8620241	0,099	NAN	
1526	69,60474552	-248,8620241	0,099	NAN	
1527	69,60474552	-248,1895259	0,099	NAN	
1528	69,50639829	-251,8985674	0,099	NAN	
1529	69,45212859	-252,2370048	0,099	NAN	
1530,011	69,50639829	-251,5603392	0,099	NAN	
1531	69,50639829	-251,5603392	0,099	NAN	
1532	69,50639829	-252,4063019	0,099	NAN	
1533	69,40804926	-251,7294272	0,0975	NAN	
1534,022	69,50639829	-251,8985674	0,099	NAN	
1535	69,40804926	-252,06776	0,0975	NAN	
1536	69,3096984	-252,9145076	0,0975	NAN	
1537	69,35377855	-251,22232	0,099	NAN	
1538	69,50639829	-252,2370048	0,099	NAN	
1539	69,40804926	-253,7625652	0,0975	NAN	
1540	69,40804926	-253,2535733	0,0975	NAN	
1541	69,50639829	-250,3781852	0,0975	NAN	
1542,014	69,40804926	-254,1021556	0,0975	NAN	
1543	69,50639829	-254,6119352	0,0975	NAN	
1544	69,50639829	-254,6119352	0,0975	NAN	
1545	69,50639829	-252,7450533	0,0975	NAN	
1546	69,50639829	-253,7625652	0,099	NAN	
1547,02	69,50639829	-253,5928487	0,099	NAN	
1548,003	69,50639829	-253,2535733	0,099	NAN	
1549	69,50639829	-252,7450533	0,0975	NAN	
1550	69,50639829	-253,0840142	0,0975	NAN	
1551	69,50639829	-252,4063019	0,0975	NAN	
1552	69,50639829	-251,8985674	0,099	NAN	
1553	69,50639829	-251,0533887	0,099	NAN	
1554,001	69,40804926	-252,5756514	0,099	NAN	
1555	69,40804926	-252,2370048	0,099	NAN	
1556	69,40804926	-251,22232	0,0975	NAN	
1557	69,35377855	-252,06776	0,099	NAN	
1558,004	69,3096984	-251,7294272	0,099	NAN	
1559	69,3096984	-251,5603392	0,099	NAN	
1560,021	69,3096984	-251,7294272	0,0975	NAN	
1561	69,3096984	-252,4063019	0,0975	NAN	
1562	69,3096984	-252,2370048	0,099	NAN	
1563	69,3096984	-251,22232	0,0975	NAN	
1564	69,2113457	-252,4063019	0,099	NAN	
1565,022	69,2113457	-252,5756514	0,099	NAN	
1566,011	69,11299114	-250,8845096	0,099	NAN	
1567	69,11299114	-251,5603392	0,099	NAN	
1568	69,2113457	-251,5311748	0,099	NAN	
1569	69,2113457	-251,5603392	0,0975	NAN	
1570	69,2113457	-252,06776	0,099	NAN	
1571	69,11299114	-252,9145076	0,0975	NAN	
1572	69,11299114	-253,7332833	0,0975	NAN	
1573	69,01463469	-253,4231848	0,099	NAN	
1574	69,2113457	-253,9323341	0,0975	NAN	
1575	69,11299114	-254,2427205	0,0975	NAN	
1576	69,11299114	-253,5928487	0,0975	NAN	
1577,021	69,2113457	-254,2427205	0,099	NAN	
1578	69,2113457	-253,2243186	0,099	NAN	
1579	69,2113457	-253,2243186	0,1005	NAN	
1580	69,2113457	-252,5756514	0,102	NAN	
1581	69,2113457	-251,8985674	0,1005	NAN	
1582,021	69,2113457	-251,22232	0,102	NAN	
1583	69,11299114	-251,5603392	0,1035	NAN	
1584	69,11299114	-251,22232	0,1035	NAN	
1585	69,01463469	-251,1931736	0,1035	NAN	
1586,018	68,91627635	-250,8845096	0,105	NAN	
1587,009	68,91627635	-250,2095147	0,105	NAN	
1588	68,81791608	-250,8553812	0,1065	NAN	
1589	68,81791608	-252,7450533	0,105	NAN	
1590	68,71955388	-251,7294272	0,105	NAN	
1591,019	68,71955388	-252,2370048	0,1035	NAN	
1592	68,71955388	-252,06776	0,1035	NAN	
1593	68,62118972	-252,06776	0,1035	NAN	
1594	68,62118972	-252,2370048	0,102	NAN	
1595	68,81791608	-250,8845096	0,102	NAN	
1596	68,81791608	-250,7156827	0,1005	NAN	
1597,019	68,91627635	-250,5469079	0,099	NAN	
1598	68,91627635	-250,2095147	0,099	NAN	
1599	68,81791608	-249,7038156	0,099	NAN	
1600	68,87214736	-250,0408962	0,0975	NAN	
1601	68,81791608	-251,7294272	0,0975	NAN	
1602	68,81791608	-252,06776	0,0975	NAN	
1603,016	68,71955388	-253,0840142	0,0975	NAN	
1604	68,71955388	-254,4419561	0,0975	NAN	
1605	68,62118972	-254,9520513	0,099	NAN	
1606	68,62118972	-255,9736632	0,1005	NAN	
1607	68,62118972	-255,6329151	0,1005	NAN	
1608,022	68,62118972	-255,1221882	0,1005	NAN	
1609	68,71955388	-255,2923779	0,102	NAN	
1610	68,71955388	-255,2923779	0,1035	NAN	
1611	68,71955388	-253,7625652	0,1035	NAN	
1612	68,71955388	-252,4063019	0,1035	NAN	
1613	68,71955388	-252,2370048	0,1035	NAN	
1614	68,71955388	-253,7625652	0,102	NAN	
1615	68,71955388	-253,9323341	0,1005	NAN	
1616	68,71955388	-253,7625652	0,099	NAN	
1617	68,62118972	-252,9145076	0,099	NAN	
1618	68,62118972	-253,7625652	0,0975	NAN	
1619	68,71955388	-254,2720296	0,099	NAN	
1620	68,62118972	-253,5928487	0,0975	NAN	
1621	68,47869107	-253,0840142	0,0975	NAN	
1622	68,52282358	-253,9323341	0,0975	NAN	
1623	68,5770581	-254,2720296	0,0975	NAN	
1624	68,62118972	-253,4231848	0,0975	NAN	
1625,024	68,5770581	-253,5928487	0,096	NAN	
1626,012	68,67542315	-254,4419561	0,0975	NAN	
1627	68,62118972	-255,1221882	0,0975	NAN	
1628	68,5770581	-255,1221882	0,096	NAN	
1629	68,62118972	-254,9520513	0,096	NAN	
1630	68,62118972	-254,4419561	0,0975	NAN	
1631	68,71955388	-253,4231848	0,0975	NAN	
1632	68,62118972	-252,5756514	0,096	NAN	
1633	68,77378623	-250,3490838	0,096	NAN	
1634,015	68,52282358	-251,22232	0,0975	NAN	
1635,004	68,62118972	-251,22232	0,096	NAN	
1636	68,5770581	-251,8985674	0,096	NAN	
1637	68,52282358	-251,5603392	0,0975	NAN	
1638	68,52282358	-251,0533887	0,096	NAN	
1639	68,42445544	-250,3781852	0,096	NAN	
1640	68,52282358	-250,8845096	0,096	NAN	
1641	68,52282358	-251,22232	0,0975	NAN	
1642	68,62118972	-251,5603392	0,0975	NAN	
1643	68,62118972	-250,8845096	0,0975	NAN	
1644,022	68,67542315	-250,2095147	0,096	NAN	
1645	68,5770581	-250,8845096	0,096	NAN	
1646	68,62118972	-251,5603392	0,0975	NAN	
1647	68,67542315	-251,8985674	0,0975	NAN	
1648	68,47869107	-251,3913035	0,0975	NAN	
1649	68,5770581	-251,869385	0,096	NAN	
1650	68,47869107	-252,7450533	0,099	NAN	
1651,02	68,47869107	-252,06776	0,102	NAN	
1652	68,38032203	-251,8985674	0,1005	NAN	
1653	68,42445544	-251,2524229	0,102	NAN	
1654	68,47869107	-252,06776	0,102	NAN	
1655	68,42445544	-252,7450533	0,1035	NAN	
1656	68,47869107	-253,0840142	0,1005	NAN	
1657	68,47869107	-253,393921	0,1035	NAN	
1658	68,42445544	-252,4063019	0,102	NAN	
1659	68,52282358	-250,7156827	0,102	NAN	
1660,022	68,47869107	-250,5469079	0,102	NAN	
1661	68,47869107	-250,8845096	0,1005	NAN	
1662	68,47869107	-251,0533887	0,1005	NAN	
1663	68,38032203	-252,7450533	0,1005	NAN	
1664	68,38032203	-252,5756514	0,1005	NAN	
1665	68,38032203	-252,06776	0,099	NAN	
1666	68,28195097	-252,06776	0,099	NAN	
1667	68,2277131	-250,5469079	0,1005	NAN	
1668	68,2277131	-250,0408962	0,099	NAN	
1669	68,18357786	-249,0302784	0,0975	NAN	
1670	68,28195097	-250,1804223	0,0975	NAN	
1671	68,38032203	-250,3781852	0,099	NAN	
1672	68,28195097	-251,0533887	0,099	NAN	
1673	68,18357786	-251,0533887	0,0975	NAN	
1674	68,18357786	-251,3913035	0,0975	NAN	
1675,015	68,12933886	-251,869385	0,0975	NAN	
1676	68,18357786	-251,3913035	0,0975	NAN	
1677	68,18357786	-250,2095147	0,0975	NAN	
1678	68,18357786	-250,0408962	0,099	NAN	
1679	68,18357786	-249,5353533	0,0975	NAN	
1680	68,08520269	-250,3781852	0,0975	NAN	
1681	68,28195097	-250,3781852	0,099	NAN	
1682,01	68,28195097	-250,5469079	0,0975	NAN	
1683	68,2377715	-250,2095147	0,099	NAN	
1684	68,08520269	-249,5353533	0,099	NAN	
1685	68,08520269	-250,7156827	0,099	NAN	
1686	68,03096254	-250,5469079	0,0975	NAN	
1687	68,12933886	-247,6856969	0,1005	NAN	
1688,011	68,18357786	-248,0215311	0,099	NAN	
1689,001	68,18357786	-248,1895259	0,1005	NAN	
1690	68,08520269	-251,22232	0,1005	NAN	
1691	68,08520269	-251,8985674	0,1005	NAN	
1692	68,03096254	-252,2370048	0,1005	NAN	
1693	68,08520269	-252,06776	0,1005	NAN	
1694,02	68,08520269	-251,22232	0,102	NAN	
1695	68,18357786	-251,8985674	0,102	NAN	
1696	68,08520269	-250,6865633	0,102	NAN	
1697	68,18357786	-250,2095147	0,1035	NAN	
1698	68,18357786	-250,0408962	0,1005	NAN	
1699	68,18357786	-249,5353533	0,102	NAN	
1700	68,28195097	-250,0408962	0,099	NAN	
1701	68,12933886	-250,3781852	0,099	NAN	
1702	68,2377715	-249,5353533	0,099	NAN	
1703,021	68,18357786	-248,1895259	0,099	NAN	
1704	68,08520269	-249,5062968	0,099	NAN	
1705	68,08520269	-250,2095147	0,099	NAN	
1706	68,08520269	-250,7156827	0,099	NAN	
1707	68,08520269	-248,8620241	0,0975	NAN	
1708	68,08520269	-248,3575726	0,0975	NAN	
1709	68,08520269	-247,35007	0,0975	NAN	
1710	67,98682543	-248,1895259	0,099	NAN	
1711,026	68,08520269	-248,0215311	0,096	NAN	
1712	67,98682543	-248,3575726	0,0975	NAN	
1713	67,88844608	-248,66481	0,0975	NAN	
1714	67,98682543	-248,5256712	0,096	NAN	
1715	68,08520269	-247,35007	0,096	NAN	
1716	67,98682543	-248,1895259	0,0975	NAN	
1717	68,08520269	-248,1895259	0,096	NAN	
1718,021	67,98682543	-249,0302784	0,096	NAN	
1719	67,98682543	-249,5353533	0,0975	NAN	
1720	67,98682543	-250,7156827	0,0975	NAN	
1721	68,04102136	-250,3781852	0,096	NAN	
1722,025	67,98682543	-250,2095147	0,096	NAN	
1723,002	67,98682543	-250,7156827	0,0975	NAN	
1724	67,88844608	-252,4063019	0,0975	NAN	
1725	67,98682543	-251,7294272	0,0975	NAN	
1726	68,08520269	-251,22232	0,0975	NAN	
1727,026	68,08520269	-251,5311748	0,0975	NAN	
1728,002	68,13939747	-250,8845096	0,0975	NAN	
1729	68,04102136	-251,0533887	0,0975	NAN	
1730	67,88844608	-251,0533887	0,099	NAN	
1731	67,88844608	-250,8845096	0,0975	NAN	
1732	67,88844608	-251,5603392	0,096	NAN	
1733	67,7900646	-250,7156827	0,0975	NAN	
1734	67,88844608	-251,7294272	0,0975	NAN	
1735	68,08520269	-251,3913035	0,0975	NAN	
1736	67,98682543	-251,3913035	0,0975	NAN	
1737,015	67,98682543	-250,8845096	0,0975	NAN	
1738,002	67,88844608	-251,3913035	0,099	NAN	
1739	67,94264317	-251,8985674	0,099	NAN	
1740	67,98682543	-252,06776	0,0975	NAN	
1741	68,04102136	-252,7450533	0,0975	NAN	
1742	67,7900646	-253,0840142	0,0975	NAN	
1743	67,7900646	-252,9145076	0,0975	NAN	
1744	67,7900646	-252,7450533	0,096	NAN	
1745	67,98682543	-252,8852709	0,0975	NAN	
1746	68,08520269	-252,7158257	0,0975	NAN	
1747	67,88844608	-253,4231848	0,096	NAN	
1748	68,08520269	-253,2535733	0,096	NAN	
1749,025	68,04102136	-253,9323341	0,0975	NAN	
1750,011	67,88844608	-253,5928487	0,0975	NAN	
1751	67,98682543	-253,2535733	0,0975	NAN	
1752	68,04102136	-254,6119352	0,0975	NAN	
1753,019	67,94264317	-252,9145076	0,096	NAN	
1754,016	67,69168098	-253,9323341	0,0975	NAN	
1755	67,88844608	-253,2535733	0,0975	NAN	
1756	67,88844608	-252,2370048	0,099	NAN	
1757	67,84426286	-253,9323341	0,0975	NAN	
1758	67,7900646	-254,2720296	0,096	NAN	
1759	67,7900646	-252,7450533	0,0975	NAN	
1760	67,84426286	-251,8985674	0,0975	NAN	
1761	67,84426286	-250,5469079	0,0975	NAN	
1762	67,69168098	-251,22232	0,096	NAN	
1763	67,59329521	-251,3913035	0,0975	NAN	
1764,02	67,69168098	-252,3770924	0,096	NAN	
1765	67,7900646	-252,06776	0,0975	NAN	
1766	67,84426286	-251,5603392	0,0975	NAN	
1767	67,88844608	-251,22232	0,0975	NAN	
1768	67,88844608	-251,3913035	0,0975	NAN	
1769	67,94264317	-250,8845096	0,0975	NAN	
1770	67,7900646	-250,8845096	0,099	NAN	
1771	67,74588043	-250,5469079	0,096	NAN	
1772	67,59329521	-250,3781852	0,0975	NAN	
1773,007	67,64749584	-252,4063019	0,0975	NAN	
1774	67,59329521	-252,5756514	0,0975	NAN	
1775	67,45072015	-252,2370048	0,0975	NAN	
1776	67,59329521	-252,5756514	0,0975	NAN	
1777,023	67,49490725	-252,5756514	0,0975	NAN	
1778	67,49490725	-252,06776	0,096	NAN	
1779	67,64749584	-252,5756514	0,096	NAN	
1780	67,64749584	-252,7450533	0,096	NAN	
1781	67,64749584	-251,0533887	0,0975	NAN	
1782	67,3965171	-249,7038156	0,0975	NAN	
1783	67,45072015	-250,0408962	0,096	NAN	
1784	67,29812472	-251,3913035	0,0975	NAN	
1785	67,352329	-251,0533887	0,096	NAN	
1786	67,352329	-250,2095147	0,096	NAN	
1787	67,352329	-250,3781852	0,096	NAN	
1788	67,29812472	-249,7038156	0,0975	NAN	
1789	67,352329	-249,1985847	0,0975	NAN	
1790	67,352329	-250,7156827	0,0975	NAN	
1791,025	67,3965171	-250,5469079	0,0975	NAN	
1792,003	67,49490725	-249,6747501	0,0975	NAN	
1793,006	67,45072015	-249,1985847	0,0975	NAN	
1794	67,45072015	-247,1823342	0,0975	NAN	
1795	67,45072015	-247,1823342	0,0975	NAN	
1796,028	67,45072015	-248,1895259	0,0975	NAN	
1797,006	67,45072015	-247,0146501	0,0975	NAN	
1798	67,45072015	-246,8470178	0,0975	NAN	
1799	67,45072015	-246,0096312	0,0975	NAN	
1800	67,49490725	-245,675038	0,096	NAN	
1801	67,3965171	-247,6856969	0,0975	NAN	
1802,021	67,352329	-249,5353533	0,0975	NAN	
1803	67,45072015	-248,8620241	0,096	NAN	
1804	67,45072015	-249,5353533	0,0975	NAN	
1805,022	67,352329	-249,5353533	0,0975	NAN	
1806	67,3965171	-249,366943	0,0975	NAN	
1807	67,352329	-250,3781852	0,096	NAN	
1808	67,352329	-250,7156827	0,0975	NAN	
1809	67,45072015	-251,8985674	0,0975	NAN	
1810	67,3965171	-251,8985674	0,0975	NAN	
1811	67,45072015	-252,2370048	0,096	NAN	
1812	67,45072015	-251,8985674	0,096	NAN	
1813	67,29812472	-251,7294272	0,096	NAN	
1814,008	67,54910909	-252,2370048	0,096	NAN	
1815	67,3965171	-251,3621481	0,096	NAN	
1816	67,3965171	-251,7294272	0,096	NAN	
1817	67,54910909	-251,5603392	0,0975	NAN	
1818	67,45072015	-251,3913035	0,096	NAN	
1819,011	67,352329	-251,22232	0,096	NAN	
1820	67,54910909	-251,3913035	0,096	NAN	
1821	67,45072015	-251,22232	0,0975	NAN	
1822	67,352329	-249,1985847	0,096	NAN	
1823	67,352329	-248,1895259	0,096	NAN	
1824	67,25393562	-246,6794371	0,096	NAN	
1825	67,19973011	-248,5256712	0,096	NAN	
1826,018	67,352329	-249,1985847	0,096	NAN	
1827	67,29812472	-249,1985847	0,096	NAN	
1828	67,25393562	-249,366943	0,096	NAN	
1829	67,15554	-249,8723299	0,096	NAN	
1830	67,15554	-250,5469079	0,0975	NAN	
1831	67,15554	-250,7156827	0,096	NAN	
1832,027	67,15554	-250,7156827	0,0975	NAN	
1833	67,15554	-251,0533887	0,0975	NAN	
1834	67,05714212	-250,5469079	0,0975	NAN	
1835	67,05714212	-250,5469079	0,096	NAN	
1836,028	66,95874195	-251,3621481	0,096	NAN	
1837,004	67,15554	-251,5603392	0,0975	NAN	
1838	67,05714212	-250,3781852	0,096	NAN	
1839	67,05714212	-248,6938217	0,096	NAN	
1840	66,95874195	-251,1931736	0,0975	NAN	
1841	67,05714212	-253,0547685	0,096	NAN	
1842	67,05714212	-253,0840142	0,0975	NAN	
1843	66,95874195	-253,5928487	0,096	NAN	
1844	66,95874195	-253,2535733	0,096	NAN	
1845	67,05714212	-253,2535733	0,096	NAN	
1846,012	67,05714212	-249,8723299	0,096	NAN	
1847,004	67,10133325	-250,3781852	0,096	NAN	
1848,002	67,10133325	-253,7625652	0,099	NAN	
1849,015	67,05714212	-255,2923779	0,1005	NAN	
1850,008	67,25393562	-255,9736632	0,102	NAN	
1851,007	67,15554	-254,4419561	0,1035	NAN	
1852,009	67,05714212	-254,1021556	0,1035	NAN	
1853,015	67,05714212	-254,4419561	0,1035	NAN	
1854	67,00293411	-254,6119352	0,1035	NAN	
1855	67,05714212	-254,781967	0,1035	NAN	
1856,01	67,15554	-254,2720296	0,1035	NAN	
1857,004	67,15554	-254,1021556	0,1035	NAN	
1858,008	67,15554	-254,2720296	0,105	NAN	
1859,015	67,05714212	-252,0979094	0,102	NAN	
1860	66,95874195	-253,4231848	0,105	NAN	
1861	66,95874195	-253,5635759	0,105	NAN	
1862	66,95874195	-254,1021556	0,1065	NAN	
1863	66,95874195	-254,6119352	0,1065	NAN	
1864	66,95874195	-253,7625652	0,108	NAN	
1865	66,95874195	-255,2923779	0,108	NAN	
1866,009	66,95874195	-255,4626201	0,105	NAN	
1867	66,90453267	-255,6329151	0,105	NAN	
1868	67,05714212	-257,6805717	0,1065	NAN	
1869	66,90453267	-256,485181	0,105	NAN	
1870,009	67,15554	-255,6329151	0,1065	NAN	
1871	67,05714212	-255,8032628	0,105	NAN	
1872	67,00293411	-256,6557926	0,1065	NAN	
1873	67,05714212	-256,9971741	0,1125	NAN	
1874,023	67,05714212	-255,6329151	0,114	NAN	
1875	67,15554	-255,1221882	0,114	NAN	
1876	67,15554	-254,6119352	0,1125	NAN	
1877	67,05714212	-255,2923779	0,111	NAN	
1878	67,05714212	-255,6329151	0,1125	NAN	
1879,021	67,05714212	-255,2923779	0,111	NAN	
1880,004	66,95874195	-255,1221882	0,111	NAN	
1881	66,95874195	-255,2923779	0,1095	NAN	
1882	66,86033948	-255,2923779	0,1095	NAN	
1883	66,86033948	-254,9520513	0,111	NAN	
1884	66,80612892	-254,6119352	0,111	NAN	
1885	66,86033948	-254,1021556	0,1095	NAN	
1886,023	66,86033948	-253,9323341	0,1095	NAN	
1887	66,76193468	-252,9145076	0,1095	NAN	
1888	66,76193468	-253,2535733	0,1095	NAN	
1889	66,95874195	-253,5928487	0,111	NAN	
1890	66,95874195	-254,4419561	0,1095	NAN	
1891	66,95874195	-254,2720296	0,1125	NAN	
1892	66,95874195	-254,1021556	0,1125	NAN	
1893	66,76193468	-252,9145076	0,1125	NAN	
1894,017	66,66352754	-251,8985674	0,1125	NAN	
1895	66,66352754	-252,5756514	0,1125	NAN	
1896	66,76193468	-252,2370048	0,1125	NAN	
1897	66,61928737	-250,7156827	0,111	NAN	
1898	66,76193468	-250,3781852	0,1095	NAN	
1899	66,66352754	-248,0215311	0,111	NAN	
1900,023	66,86033948	-248,1895259	0,111	NAN	
1901	66,76193468	-248,8620241	0,1125	NAN	
1902	66,66352754	-249,366943	0,1125	NAN	
1903	66,76193468	-249,5353533	0,1125	NAN	
1904,015	66,66352754	-249,5353533	0,1125	NAN	
1905	66,71769557	-249,0302784	0,111	NAN	
1906	66,66352754	-249,1985847	0,108	NAN	
1907,014	66,56511805	-248,3875179	0,108	NAN	
1908	66,56511805	-248,5256712	0,1035	NAN	
1909	66,66352754	-248,3575726	0,102	NAN	
1910	66,66352754	-248,8620241	0,1005	NAN	
1911	66,56511805	-248,5256712	0,099	NAN	
1912	66,56511805	-247,6856969	0,099	NAN	
1913	66,56511805	-248,6938217	0,096	NAN	
1914	66,56511805	-248,6938217	0,0975	NAN	
1915,006	66,56511805	-249,5353533	0,096	NAN	
1916	66,56511805	-248,5256712	0,096	NAN	
1917	66,46670617	-247,8535881	0,0975	NAN	
1918,018	66,46670617	-248,3575726	0,096	NAN	
1919,012	66,56511805	-248,1895259	0,096	NAN	
1920	66,46670617	-247,5178576	0,0975	NAN	
1921	66,46670617	-246,8470178	0,1005	NAN	
1922	66,56511805	-247,1823342	0,099	NAN	
1923	66,46670617	-246,6794371	0,099	NAN	
1924,018	66,46670617	-246,6794371	0,102	NAN	
1925	66,46670617	-247,8535881	0,102	NAN	
1926	66,4124904	-247,5178576	0,099	NAN	
1927	66,46670617	-246,6794371	0,0975	NAN	
1928,024	66,36829189	-244,8692092	0,0975	NAN	
1929,003	66,46670617	-245,8423088	0,0975	NAN	
1930	66,36829189	-246,3742655	0,096	NAN	
1931	66,36829189	-246,3444309	0,093	NAN	
1932,025	66,42246385	-245,0064704	0,093	NAN	
1933	66,42246385	-246,3444309	0,0945	NAN	
1934	66,36829189	-246,0096312	0,0945	NAN	
1935	66,26987519	-246,8470178	0,0945	NAN	
1936	66,26987519	-247,5178576	0,0945	NAN	
1937	66,17145605	-248,0215311	0,0945	NAN	
1938	66,26987519	-246,0096312	0,093	NAN	
1939	66,26987519	-245,8423088	0,093	NAN	
1940,016	66,36829189	-247,5178576	0,093	NAN	
1941,006	66,26987519	-249,0302784	0,093	NAN	
1942	66,36829189	-249,1985847	0,093	NAN	
1943	66,17145605	-248,5256712	0,0915	NAN	
1944	66,26987519	-248,1895259	0,0915	NAN	
1945	66,17145605	-250,5469079	0,0915	NAN	
1946	66,17145605	-250,2095147	0,0915	NAN	
1947	66,26987519	-250,5469079	0,0915	NAN	
1948	66,36829189	-251,5603392	0,09	NAN	
1949	66,32404849	-251,22232	0,09	NAN	
1950	66,36829189	-249,5353533	0,0915	NAN	
1951,019	66,46670617	-249,366943	0,0945	NAN	
1952	66,36829189	-248,8620241	0,0975	NAN	
1953	66,17145605	-247,5178576	0,099	NAN	
1954	66,26987519	-247,8535881	0,1005	NAN	
1955,025	66,26987519	-248,3575726	0,102	NAN	
1956	66,26987519	-248,1895259	0,1035	NAN	
1957	66,26987519	-248,5256712	0,1035	NAN	
1958	66,26987519	-249,7038156	0,1035	NAN	
1959	66,11723626	-250,5469079	0,105	NAN	
1960	66,17145605	-250,7156827	0,1035	NAN	
1961,022	66,17145605	-251,5603392	0,105	NAN	
1962	66,17145605	-250,3781852	0,105	NAN	
1963	66,26987519	-250,8845096	0,105	NAN	
1964	66,17145605	-250,8845096	0,1035	NAN	
1965	66,17145605	-250,8845096	0,1035	NAN	
1966	66,07303446	-249,9023585	0,1035	NAN	
1967	66,17145605	-249,366943	0,1035	NAN	
1968,014	66,11723626	-248,3575726	0,1035	NAN	
1969	66,07303446	-247,1823342	0,102	NAN	
1970	66,17145605	-247,35007	0,102	NAN	
1971	66,17145605	-247,35007	0,102	NAN	
1972	66,07303446	-247,5178576	0,102	NAN	
1973	66,0188133	-247,8535881	0,102	NAN	
1974	66,0188133	-248,1895259	0,102	NAN	
1975	66,11723626	-247,8535881	0,1005	NAN	
1976	66,07303446	-247,5178576	0,1005	NAN	
1977,02	66,0188133	-247,6856969	0,1005	NAN	
1978	66,07303446	-246,8470178	0,1005	NAN	
1979	66,07303446	-246,9857278	0,102	NAN	
1980	65,97461039	-246,8470178	0,1005	NAN	
1981,018	65,97461039	-247,6856969	0,1005	NAN	
1982,007	65,92038786	-249,1985847	0,102	NAN	
1983	65,92038786	-248,6938217	0,102	NAN	
1984	65,92038786	-247,8535881	0,102	NAN	
1985,016	65,92038786	-247,8535881	0,102	NAN	
1986	65,92038786	-248,8620241	0,102	NAN	
1987	65,97461039	-250,8845096	0,102	NAN	
1988	65,92038786	-251,0533887	0,1035	NAN	
1989	65,92038786	-251,0533887	0,1005	NAN	
1990	65,82195991	-250,5469079	0,1005	NAN	
1991	65,92038786	-249,366943	0,1005	NAN	
1992,007	65,92038786	-250,2095147	0,099	NAN	
1993	65,92038786	-250,5469079	0,096	NAN	
1994	65,82195991	-250,8845096	0,0945	NAN	
1995	65,92038786	-249,5353533	0,0945	NAN	
1996	65,92038786	-250,8553812	0,0945	NAN	
1997,021	65,92038786	-251,22232	0,093	NAN	
1998	65,92038786	-251,3913035	0,0915	NAN	
1999	65,92038786	-251,7294272	0,093	NAN	
2000	65,82195991	-250,5469079	0,096	NAN	
2001	65,92038786	-250,5469079	0,096	NAN	
2002,023	65,82195991	-249,5353533	0,096	NAN	
2003	65,82195991	-249,1985847	0,0975	NAN	
2004	65,92038786	-250,2095147	0,0975	NAN	
2005	65,92038786	-249,8723299	0,0975	NAN	
2006	65,82195991	-250,2095147	0,0975	NAN	
2007	65,82195991	-250,2095147	0,0975	NAN	
2008	65,82195991	-249,8723299	0,096	NAN	
2009,016	65,82195991	-249,8723299	0,0975	NAN	
2010,002	65,82195991	-250,3781852	0,0975	NAN	
2011	65,82195991	-248,1895259	0,096	NAN	
2012	65,82195991	-249,0302784	0,096	NAN	
2013	65,82195991	-249,5353533	0,0975	NAN	
2014	65,82195991	-249,0302784	0,096	NAN	
2015	65,72352943	-250,5469079	0,0975	NAN	
2016	65,82195991	-251,5603392	0,096	NAN	
2017	65,72352943	-251,7294272	0,0975	NAN	
2018,018	65,72352943	-251,0533887	0,0975	NAN	
2019	65,72352943	-250,3781852	0,099	NAN	
2020	65,62509641	-250,5469079	0,099	NAN	
2021	65,72352943	-251,3913035	0,099	NAN	
2022	65,72352943	-250,5469079	0,099	NAN	
2023	65,72352943	-250,8845096	0,0975	NAN	
2024	65,72352943	-250,3781852	0,099	NAN	
2025	65,62509641	-250,5177975	0,099	NAN	
2026	65,72352943	-249,366943	0,0975	NAN	
2027,023	65,62509641	-250,8845096	0,099	NAN	
2028,017	65,62509641	-249,7038156	0,0975	NAN	
2029	65,62509641	-249,8723299	0,0975	NAN	
2030	65,62509641	-250,2095147	0,099	NAN	
2031	65,62509641	-250,2095147	0,099	NAN	
2032	65,62509641	-250,5469079	0,0975	NAN	
2033,016	65,62509641	-250,2095147	0,099	NAN	
2034	65,62509641	-248,6938217	0,0975	NAN	
2035	65,62509641	-248,1895259	0,0975	NAN	
2036	65,62509641	-246,8470178	0,0975	NAN	
2037	65,62509641	-245,9807625	0,0975	NAN	
2038,023	65,62509641	-247,35007	0,099	NAN	
2039,01	65,62509641	-249,7038156	0,0975	NAN	
2040	65,52666083	-250,5469079	0,0975	NAN	
2041	65,52666083	-252,4063019	0,0975	NAN	
2042	65,52666083	-252,5756514	0,099	NAN	
2043	65,62509641	-253,4231848	0,0975	NAN	
2044	65,62509641	-251,3913035	0,099	NAN	
2045	65,52666083	-250,2095147	0,099	NAN	
2046,007	65,62509641	-250,7156827	0,099	NAN	
2047	65,62509641	-250,8845096	0,0975	NAN	
2048	65,52666083	-250,8553812	0,099	NAN	
2049	65,52666083	-250,5177975	0,099	NAN	
2050	65,52666083	-250,8845096	0,099	NAN	
2051	65,52666083	-251,0533887	0,099	NAN	
2052,023	65,47238715	-250,8553812	0,0975	NAN	
2053	65,42822266	-250,7156827	0,0975	NAN	
2054	65,52666083	-249,8723299	0,099	NAN	
2055	65,52666083	-250,0408962	0,1005	NAN	
2056,015	65,52666083	-250,3781852	0,099	NAN	
2057	65,52666083	-250,5177975	0,099	NAN	
2058	65,47238715	-250,5469079	0,1005	NAN	
2059	65,37394755	-249,0302784	0,0975	NAN	
2060,017	65,37394755	-250,0408962	0,099	NAN	
2061	65,37394755	-249,5353533	0,099	NAN	
2062	65,37394755	-248,8620241	0,0975	NAN	
2063	65,42822266	-248,1895259	0,0975	NAN	
2064	65,37394755	-248,3575726	0,096	NAN	
2065	65,42822266	-249,1985847	0,096	NAN	
2066	65,42822266	-249,5353533	0,0945	NAN	
2067	65,37394755	-249,366943	0,096	NAN	
2068	65,37394755	-249,6747501	0,0945	NAN	
2069	65,37394755	-250,2095147	0,093	NAN	
2070	65,42822266	-250,0408962	0,096	NAN	
2071	65,32978188	-249,8723299	0,093	NAN	
2072	65,42822266	-250,3781852	0,0945	NAN	
2073,023	65,32978188	-249,8432554	0,093	NAN	
2074	65,32978188	-248,0215311	0,0945	NAN	
2075	65,32978188	-248,1895259	0,0945	NAN	
2076	65,32978188	-247,6856969	0,0945	NAN	
2077	65,32978188	-248,8620241	0,096	NAN	
2078,017	65,32978188	-248,3575726	0,0945	NAN	
2079,002	65,32978188	-247,35007	0,0945	NAN	
2080	65,27550533	-247,153403	0,096	NAN	
2081	65,23133849	-247,5178576	0,0945	NAN	
2082	65,27550533	-249,5353533	0,0945	NAN	
2083	65,27550533	-249,7038156	0,0945	NAN	
2084,011	65,27550533	-249,8723299	0,0945	NAN	
2085	65,27550533	-250,8845096	0,096	NAN	
2086	65,27550533	-250,2095147	0,0945	NAN	
2087	65,17706048	-250,2095147	0,0945	NAN	
2088	65,27550533	-249,7038156	0,096	NAN	
2089	65,17706048	-248,5256712	0,0915	NAN	
2090	65,23133849	-249,366943	0,0915	NAN	
2091	65,17706048	-250,5469079	0,09	NAN	
2092,017	65,17706048	-249,7038156	0,09	NAN	
2093	65,07861298	-249,5353533	0,09	NAN	
2094	65,13289245	-249,7038156	0,0885	NAN	
2095	65,17706048	-249,8723299	0,0885	NAN	
2096	65,07861298	-250,2095147	0,0885	NAN	
2097	65,07861298	-249,7038156	0,087	NAN	
2098	65,07861298	-250,2095147	0,087	NAN	
2099	65,07861298	-250,2095147	0,087	NAN	
2100,023	64,9801628	-249,8723299	0,0855	NAN	
2101,012	65,07861298	-251,0533887	0,0855	NAN	
2102	65,07861298	-250,0408962	0,0855	NAN	
2103	65,07861298	-251,869385	0,084	NAN	
2104	64,9801628	-252,06776	0,0855	NAN	
2105	65,13289245	-252,4063019	0,084	NAN	
2106,022	64,9801628	-252,5756514	0,084	NAN	
2107	65,07861298	-253,0840142	0,0855	NAN	
2108	64,88170994	-253,2535733	0,0855	NAN	
2109	65,07861298	-252,7450533	0,0855	NAN	
2110	64,9801628	-252,7450533	0,0855	NAN	
2111,021	64,9801628	-251,7294272	0,087	NAN	
2112,007	64,9801628	-252,4063019	0,0855	NAN	
2113	64,9801628	-253,4231848	0,0855	NAN	
2114	64,9801628	-252,4063019	0,0855	NAN	
2115	64,9801628	-252,2370048	0,087	NAN	
2116	64,9801628	-252,2370048	0,087	NAN	
2117,025	64,9801628	-251,7294272	0,0855	NAN	
2118	64,88170994	-251,22232	0,087	NAN	
2119	64,9801628	-251,8985674	0,0855	NAN	
2120	64,9801628	-252,4063019	0,0855	NAN	
2121,022	64,9801628	-251,8985674	0,0855	NAN	
2122	64,9801628	-252,9145076	0,0855	NAN	
2123	64,9801628	-251,22232	0,0855	NAN	
2124	64,9801628	-252,4063019	0,0855	NAN	
2125	64,9801628	-253,9323341	0,0855	NAN	
2126	64,88170994	-252,9145076	0,087	NAN	
2127,017	64,88170994	-252,5756514	0,087	NAN	
2128,007	64,88170994	-253,7625652	0,0885	NAN	
2129	64,88170994	-252,4063019	0,0885	NAN	
2130	64,88170994	-251,3913035	0,0885	NAN	
2131	64,88170994	-251,8985674	0,0885	NAN	
2132,023	64,9801628	-252,2370048	0,0885	NAN	
2133	64,88170994	-251,22232	0,0885	NAN	
2134	64,88170994	-251,3621481	0,087	NAN	
2135	64,78325436	-250,0408962	0,087	NAN	
2136	64,78325436	-251,5603392	0,087	NAN	
2137	64,82738156	-252,5756514	0,087	NAN	
2138	64,78325436	-251,7294272	0,087	NAN	
2139	64,78325436	-251,8985674	0,0855	NAN	
2140,023	64,88170994	-251,5603392	0,0885	NAN	
2141,008	64,78325436	-253,0840142	0,0885	NAN	
2142	64,78325436	-252,5756514	0,09	NAN	
2143	64,72892448	-251,22232	0,0885	NAN	
2144	64,78325436	-250,3781852	0,09	NAN	
2145	64,88170994	-250,7156827	0,0885	NAN	
2146	64,78325436	-248,3575726	0,0885	NAN	
2147,023	64,78325436	-247,5178576	0,09	NAN	
2148	64,88170994	-249,5353533	0,09	NAN	
2149	64,78325436	-250,3781852	0,09	NAN	
2150	64,78325436	-251,3913035	0,0885	NAN	
2151	64,78325436	-253,2535733	0,09	NAN	
2152	64,68479606	-253,4231848	0,0915	NAN	
2153	64,78325436	-252,06776	0,09	NAN	
2154,008	64,78325436	-249,8723299	0,09	NAN	
2155	64,78325436	-249,8723299	0,0915	NAN	
2156	64,63046466	-250,2095147	0,09	NAN	
2157	64,68479606	-250,8845096	0,093	NAN	
2158	64,58633501	-250,2095147	0,0915	NAN	
2159,018	64,63046466	-249,5353533	0,0915	NAN	
2160,013	64,53200208	-249,7038156	0,093	NAN	
2161	64,68479606	-249,5353533	0,093	NAN	
2162	64,58633501	-249,8723299	0,093	NAN	
2163	64,68479606	-249,1985847	0,093	NAN	
2164,018	64,68479606	-250,7156827	0,093	NAN	
2165	64,68479606	-250,8845096	0,093	NAN	
2166	64,58633501	-250,3781852	0,093	NAN	
2167	64,58633501	-250,0408962	0,0915	NAN	
2168	64,58633501	-249,5353533	0,0915	NAN	
2169,021	64,58633501	-249,8723299	0,0915	NAN	
2170	64,63046466	-249,8723299	0,093	NAN	
2171	64,53200208	-250,5469079	0,0915	NAN	
2172	64,58633501	-249,0302784	0,093	NAN	
2173	64,58633501	-248,8620241	0,093	NAN	
2174	64,58633501	-247,8535881	0,0915	NAN	
2175,015	64,58633501	-247,6856969	0,093	NAN	
2176	64,53200208	-248,1895259	0,093	NAN	
2177	64,48787118	-247,8535881	0,093	NAN	
2178	64,58633501	-248,1895259	0,093	NAN	
2179	64,48787118	-246,8470178	0,093	NAN	
2180,023	64,58633501	-247,8535881	0,0915	NAN	
2181	64,48787118	-249,1985847	0,0915	NAN	
2182	64,48787118	-250,0408962	0,0915	NAN	
2183	64,48787118	-249,0302784	0,093	NAN	
2184	64,48787118	-248,0215311	0,0915	NAN	
2185	64,48787118	-247,6856969	0,0915	NAN	
2186,022	64,48787118	-247,6856969	0,0915	NAN	
2187,02	64,48787118	-247,8535881	0,093	NAN	
2188,003	64,43353672	-247,8535881	0,0915	NAN	
2189	64,43353672	-247,35007	0,093	NAN	
2190	64,43353672	-246,6794371	0,0915	NAN	
2191	64,48787118	-246,3444309	0,0915	NAN	
2192,02	64,48787118	-247,0146501	0,093	NAN	
2193,004	64,43353672	-248,3575726	0,0915	NAN	
2194	64,33506857	-248,66481	0,093	NAN	
2195	64,38940457	-248,8330035	0,093	NAN	
2196,019	64,48787118	-248,8620241	0,093	NAN	
2197	64,33506857	-249,7038156	0,093	NAN	
2198	64,33506857	-250,2095147	0,093	NAN	
2199	64,38940457	-250,2095147	0,093	NAN	
2200	64,38940457	-249,7038156	0,096	NAN	
2201,019	64,38940457	-250,2095147	0,0975	NAN	
2202,004	64,38940457	-251,22232	0,099	NAN	
2203	64,38940457	-250,8553812	0,0975	NAN	
2204	64,29093516	-249,8723299	0,1005	NAN	
2205	64,29093516	-249,7038156	0,1005	NAN	
2206	64,33506857	-250,0408962	0,1005	NAN	
2207	64,29093516	-249,1985847	0,1005	NAN	
2208	64,38940457	-248,5256712	0,1005	NAN	
2209	64,29093516	-247,8535881	0,1005	NAN	
2210	64,29093516	-247,6856969	0,1005	NAN	
2211	64,38940457	-247,5178576	0,1005	NAN	
2212	64,29093516	-248,1895259	0,102	NAN	
2213	64,29093516	-249,366943	0,102	NAN	
2214	64,19246292	-249,366943	0,1035	NAN	
2215	64,2365976	-248,8330035	0,1035	NAN	
2216	64,29093516	-249,1985847	0,102	NAN	
2217	64,29093516	-250,0118128	0,105	NAN	
2218	64,29093516	-249,366943	0,105	NAN	
2219	64,19246292	-250,0408962	0,105	NAN	
2220,014	64,29093516	-249,0302784	0,105	NAN	
2221	64,19246292	-249,5353533	0,105	NAN	
2222	64,19246292	-249,0302784	0,1035	NAN	
2223	64,29093516	-248,8620241	0,1035	NAN	
2224	64,19246292	-249,8432554	0,1035	NAN	
2225	64,29093516	-249,7038156	0,1035	NAN	
2226,006	64,19246292	-250,7156827	0,1035	NAN	
2227	64,29093516	-250,5469079	0,1035	NAN	
2228	64,19246292	-249,7038156	0,1035	NAN	
2229	64,19246292	-248,6938217	0,1035	NAN	
2230	64,19246292	-248,8330035	0,105	NAN	
2231	64,09398783	-249,0302784	0,105	NAN	
2232	64,13812379	-249,5353533	0,105	NAN	
2233,022	64,19246292	-248,6938217	0,105	NAN	
2234	64,09398783	-249,366943	0,105	NAN	
2235	64,19246292	-249,7038156	0,1065	NAN	
2236	64,19246292	-250,5469079	0,105	NAN	
2237	64,19246292	-252,06776	0,1065	NAN	
2238,018	64,09398783	-252,2370048	0,105	NAN	
2239	64,09398783	-253,0840142	0,1065	NAN	
2240	64,09398783	-251,8985674	0,105	NAN	
2241	64,13812379	-251,22232	0,105	NAN	
2242	64,09398783	-249,8723299	0,1065	NAN	
2243	64,09398783	-248,8330035	0,105	NAN	
2244,023	64,09398783	-249,1695462	0,1035	NAN	
2245	63,99550988	-249,8723299	0,105	NAN	
2246	64,09398783	-249,8723299	0,105	NAN	
2247	64,09398783	-250,5469079	0,105	NAN	
2248	63,94116758	-251,5603392	0,105	NAN	
2249	63,99550988	-251,5603392	0,105	NAN	
2250	63,94116758	-252,4063019	0,105	NAN	
2251	63,94116758	-253,5928487	0,1065	NAN	
2252	63,99550988	-252,9145076	0,105	NAN	
2253	63,99550988	-253,0840142	0,105	NAN	
2254,003	64,09398783	-254,781967	0,105	NAN	
2255	63,99550988	-254,9520513	0,105	NAN	
2256	63,99550988	-254,2720296	0,105	NAN	
2257	63,99550988	-254,2427205	0,1065	NAN	
2258	63,99550988	-254,1021556	0,105	NAN	
2259,019	63,89702904	-253,5928487	0,105	NAN	
2260	63,99550988	-253,9323341	0,105	NAN	
2261	63,89702904	-253,5928487	0,105	NAN	
2262	63,89702904	-254,781967	0,105	NAN	
2263,019	63,89702904	-253,7332833	0,105	NAN	
2264	63,89702904	-253,9323341	0,105	NAN	
2265	63,99550988	-254,7526307	0,105	NAN	
2266	63,89702904	-255,2923779	0,105	NAN	
2267,019	63,89702904	-254,9520513	0,105	NAN	
2268	63,84268515	-253,4231848	0,105	NAN	
2269	63,89702904	-252,7450533	0,105	NAN	
2270	63,79854531	-252,9145076	0,105	NAN	
2271,017	63,89702904	-251,7294272	0,105	NAN	
2272,006	63,79854531	-251,3621481	0,105	NAN	
2273	63,89702904	-252,2370048	0,105	NAN	
2274	63,99550988	-251,8985674	0,105	NAN	
2275	63,79854531	-254,781967	0,105	NAN	
2276,022	63,89702904	-253,4231848	0,105	NAN	
2277,025	63,79854531	-253,0840142	0,105	NAN	
2278,015	63,79854531	-252,7450533	0,1065	NAN	
2279	63,79854531	-253,2535733	0,105	NAN	
2280	63,79854531	-254,1021556	0,108	NAN	
2281	63,79854531	-253,9030432	0,105	NAN	
2282,022	63,79854531	-254,9520513	0,105	NAN	
2283,011	63,79854531	-254,781967	0,1065	NAN	
2284,007	63,79854531	-253,5928487	0,1065	NAN	
2285	63,79854531	-253,2535733	0,105	NAN	
2286	63,79854531	-252,4063019	0,1065	NAN	
2287	63,79854531	-251,22232	0,1065	NAN	
2288	63,79854531	-251,22232	0,105	NAN	
2289,024	63,79854531	-251,7002538	0,105	NAN	
2290	63,79854531	-252,06776	0,105	NAN	
2291	63,70005865	-253,2535733	0,1065	NAN	
2292	63,79854531	-254,412638	0,105	NAN	
2293,021	63,70005865	-254,2720296	0,105	NAN	
2294	63,70005865	-253,7625652	0,102	NAN	
2295	63,70005865	-252,9145076	0,102	NAN	
2296	63,70005865	-254,5826081	0,102	NAN	
2297	63,70005865	-253,2535733	0,1005	NAN	
2298,022	63,70005865	-252,5756514	0,1005	NAN	
2299,018	63,70005865	-252,7450533	0,1005	NAN	
2300	63,60156904	-253,7625652	0,1005	NAN	
2301	63,65587176	-253,7625652	0,099	NAN	
